-104.4775121859 28.9550243719 208.9550243719
-104.3775121859 31.6238555772 207.4090663358
-104.2775121859 32.7510066530 206.7883814875
-104.1775121859 33.6249460139 206.3197866237
-104.0775121859 34.3679791029 205.9298623062
-103.9775121859 35.0274581088 205.5901764493
-103.8775121859 35.6276574327 205.2861504807
-103.7775121859 36.1829909505 205.0091259069
-103.6775121859 36.7028460782 204.7534624441
-103.5775121859 37.1937405606 204.5152431773
-103.4775121859 37.6604179148 204.2916168388
-103.3775121859 38.1064575971 204.0804314184
-103.2775121859 38.5346393148 203.8800153831
-103.1775121859 38.9471726903 203.6890397421
-103.0775121859 39.3458485225 203.5064271935
-102.9775121859 39.7321420649 203.3312900834
-102.8775121859 40.1072857084 203.1628867418
-102.7775121859 40.4723214643 203.0005899496
-102.6775121859 40.8281397128 202.8438636554
-102.5775121859 41.1755083687 202.6922454495
-102.4775121859 41.5150952107 202.5453331443
-102.3775121859 41.8474852357 202.4027743429
-102.2775121859 42.1731943300 202.2642582222
-102.1775121859 42.4926801686 202.1295089806
-102.0775121859 42.8063510004 201.9982805560
-101.9775121859 43.1145728004 201.8703523255
-101.8775121859 43.4176751439 201.7455255736
-101.7775121859 43.7159560720 201.6236205656
-101.6775121859 44.0096861523 201.5044741059
-101.5775121859 44.2991118913 201.3879374851
-101.4775121859 44.5844586206 201.2738747442
-101.3775121859 44.8659329536 201.1621611964
-101.2775121859 45.1437248871 201.0526821629
-101.1775121859 45.4180096097 200.9453318847
-101.0775121859 45.6889490644 200.8400125822
-100.9775121859 45.9566933063 200.7366336384
-100.8775121859 46.2213816857 200.6351108866
-100.7775121859 46.4831438851 200.5353659863
-100.6775121859 46.7421008297 200.4373258750
-100.5775121859 46.9983654913 200.3409222845
-100.4775121859 47.2520435999 200.2460913125
-100.3775121859 47.5032342745 200.1527730421
-100.2775121859 47.7520305867 200.0609112034
-100.1775121859 47.9985200626 199.9704528706
-100.0775121859 48.2427851331 199.8813481907
-99.9775121859 48.4849035386 199.7935501405
-99.8775121859 48.7249486923 199.7070143067
-99.7775121859 48.9629900095 199.6216986884
-99.6775121859 49.1990932042 199.5375635180
-99.5775121859 49.4333205589 199.4545710987
-99.4775121859 49.6657311690 199.3726856571
-99.3775121859 49.8963811658 199.2918732092
-99.2775121859 50.1253239198 199.2121014373
-99.1775121859 50.3526102257 199.1333395790
-99.0775121859 50.5782884732 199.0555583239
-98.9775121859 50.8024048022 198.9787297205
-98.8775121859 51.0250032459 198.9028270892
-98.7775121859 51.2461258627 198.8278249434
-98.6775121859 51.4658128571 198.7536989162
-98.5775121859 51.6841026919 198.6804256933
-98.4775121859 51.9010321910 198.6079829502
-98.3775121859 52.1166366356 198.5363492948
-98.2775121859 52.3309498523 198.4655042139
-98.1775121859 52.5440042955 198.3954280239
-98.0775121859 52.7558311235 198.3261018244
-97.9775121859 52.9664602696 198.2575074556
-97.8775121859 53.1759205079 198.1896274586
-97.7775121859 53.3842395148 198.1224450379
-97.6775121859 53.5914439270 198.0559440274
-97.5775121859 53.7975593940 197.9901088572
-97.4775121859 54.0026106294 197.9249245241
-97.3775121859 54.2066214567 197.8603765629
-97.2775121859 54.4096148542 197.7964510200
-97.1775121859 54.6116129955 197.7331344286
-97.0775121859 54.8126372882 197.6704137852
-96.9775121859 55.0127084105 197.6082765279
-96.8775121859 55.2118463452 197.5467105155
-96.7775121859 55.4100704116 197.4857040086
-96.6775121859 55.6073992960 197.4252456508
-96.5775121859 55.8038510799 197.3653244519
-96.4775121859 55.9994432671 197.3059297714
-96.3775121859 56.1941928089 197.2470513035
-96.2775121859 56.3881161280 197.1886790624
-96.1775121859 56.5812291412 197.1308033685
-96.0775121859 56.7735472808 197.0734148361
-95.9775121859 56.9650855150 197.0165043602
-95.8775121859 57.1558583666 196.9600631060
-95.7775121859 57.3458799317 196.9040824968
-95.6775121859 57.5351638966 196.8485542046
-95.5775121859 57.7237235543 196.7934701395
-95.4775121859 57.9115718199 196.7388224406
-95.3775121859 58.0987212457 196.6846034672
-95.2775121859 58.2851840345 196.6308057902
-95.1775121859 58.4709720537 196.5774221837
-95.0775121859 58.6560968476 196.5244456180
-94.9775121859 58.8405696494 196.4718692518
-94.8775121859 59.0244013930 196.4196864255
-94.7775121859 59.2076027236 196.3678906543
-94.6775121859 59.3901840087 196.3164756221
-94.5775121859 59.5721553473 196.2654351755
-94.4775121859 59.7535265802 196.2147633179
-94.3775121859 59.9343072984 196.1644542040
-94.2775121859 60.1145068525 196.1145021345
-94.1775121859 60.2941343603 196.0649015514
-94.0775121859 60.4731987152 196.0156470327
-93.9775121859 60.6517085938 195.9667332883
-93.8775121859 60.8296724627 195.9181551552
-93.7775121859 61.0070985860 195.8699075935
-93.6775121859 61.1839950318 195.8219856823
-93.5775121859 61.3603696783 195.7743846160
-93.4775121859 61.5362302205 195.7270997002
-93.3775121859 61.7115841754 195.6801263484
-93.2775121859 61.8864388881 195.6334600789
-93.1775121859 62.0608015371 195.5870965108
-93.0775121859 62.2346791396 195.5410313615
-92.9775121859 62.4080785560 195.4952604433
-92.8775121859 62.5810064953 195.4497796607
-92.7775121859 62.7534695194 195.4045850076
-92.6775121859 62.9254740475 195.3596725645
-92.5775121859 63.0970263606 195.3150384959
-92.4775121859 63.2681326052 195.2706790480
-92.3775121859 63.4387987977 195.2265905463
-92.2775121859 63.6090308277 195.1827693930
-92.1775121859 63.7788344621 195.1392120651
-92.0775121859 63.9482153484 195.0959151122
-91.9775121859 64.1171790181 195.0528751545
-91.8775121859 64.2857308901 195.0100888805
-91.7775121859 64.4538762735 194.9675530454
-91.6775121859 64.6216203712 194.9252644693
-91.5775121859 64.7889682824 194.8832200351
-91.4775121859 64.9559250054 194.8414166871
-91.3775121859 65.1224954407 194.7998514291
-91.2775121859 65.2886843934 194.7585213232
-91.1775121859 65.4544965757 194.7174234876
-91.0775121859 65.6199366094 194.6765550958
-90.9775121859 65.7850090285 194.6359133746
-90.8775121859 65.9497182811 194.5954956031
-90.7775121859 66.1140687320 194.5552991112
-90.6775121859 66.2780646645 194.5153212781
-90.5775121859 66.4417102830 194.4755595314
-90.4775121859 66.6050097143 194.4360113457
-90.3775121859 66.7679670101 194.3966742414
-90.2775121859 66.9305861487 194.3575457836
-90.1775121859 67.0928710368 194.3186235809
-90.0775121859 67.2548255115 194.2799052845
-89.9775121859 67.4164533414 194.2413885871
-89.8775121859 67.5777582291 194.2030712218
-89.7775121859 67.7387438120 194.1649509610
-89.6775121859 67.8994136646 194.1270256160
-89.5775121859 68.0597712993 194.0892930355
-89.4775121859 68.2198201684 194.0517511049
-89.3775121859 68.3795636654 194.0143977456
-89.2775121859 68.5390051261 193.9772309140
-89.1775121859 68.6981478302 193.9402486007
-89.0775121859 68.8569950026 193.9034488297
-88.9775121859 69.0155498146 193.8668296577
-88.8775121859 69.1738153850 193.8303891734
-88.7775121859 69.3317947816 193.7941254966
-88.6775121859 69.4894910220 193.7580367777
-88.5775121859 69.6469070749 193.7221211968
-88.4775121859 69.8040458613 193.6863769633
-88.3775121859 69.9609102551 193.6508023151
-88.2775121859 70.1175030848 193.6153955180
-88.1775121859 70.2738271340 193.5801548649
-88.0775121859 70.4298851424 193.5450786756
-87.9775121859 70.5856798072 193.5101652962
-87.8775121859 70.7412137834 193.4754130979
-87.7775121859 70.8964896849 193.4408204774
-87.6775121859 71.0515100857 193.4063858556
-87.5775121859 71.2062775204 193.3721076774
-87.4775121859 71.3607944851 193.3379844114
-87.3775121859 71.5150634381 193.3040145490
-87.2775121859 71.6690868009 193.2701966042
-87.1775121859 71.8228669590 193.2365291130
-87.0775121859 71.9764062622 193.2030106331
-86.9775121859 72.1297070259 193.1696397433
-86.8775121859 72.2827715312 193.1364150432
-86.7775121859 72.4356020261 193.1033351527
-86.6775121859 72.5882007260 193.0703987116
-86.5775121859 72.7405698142 193.0376043792
-86.4775121859 72.8927114427 193.0049508342
-86.3775121859 73.0446277328 192.9724367737
-86.2775121859 73.1963207756 192.9400609135
-86.1775121859 73.3477926326 192.9078219873
-86.0775121859 73.4990453365 192.8757187464
-85.9775121859 73.6500808914 192.8437499598
-85.8775121859 73.8009012737 192.8119144131
-85.7775121859 73.9515084323 192.7802109090
-85.6775121859 74.1019042893 192.7486382664
-85.5775121859 74.2520907405 192.7171953201
-85.4775121859 74.4020696560 192.6858809211
-85.3775121859 74.5518428804 192.6546939355
-85.2775121859 74.7014122335 192.6236332449
-85.1775121859 74.8507795106 192.5926977455
-85.0775121859 74.9999464832 192.5618863486
-84.9775121859 75.1489148991 192.5311979793
-84.8775121859 75.2976864830 192.5006315774
-84.7775121859 75.4462629371 192.4701860961
-84.6775121859 75.5946459412 192.4398605026
-84.5775121859 75.7428371532 192.4096537772
-84.4775121859 75.8908382096 192.3795649134
-84.3775121859 76.0386507258 192.3495929177
-84.2775121859 76.1862762963 192.3197368092
-84.1775121859 76.3337164955 192.2899956195
-84.0775121859 76.4809728776 192.2603683924
-83.9775121859 76.6280469771 192.2308541836
-83.8775121859 76.7749403094 192.2014520610
-83.7775121859 76.9216543708 192.1721611037
-83.6775121859 77.0681906388 192.1429804024
-83.5775121859 77.2145505728 192.1139090591
-83.4775121859 77.3607356139 192.0849461866
-83.3775121859 77.5067471858 192.0560909089
-83.2775121859 77.6525866944 192.0273423604
-83.1775121859 77.7982555288 191.9986996860
-83.0775121859 77.9437550610 191.9701620409
-82.9775121859 78.0890866466 191.9417285907
-82.8775121859 78.2342516248 191.9133985107
-82.7775121859 78.3792513188 191.8851709860
-82.6775121859 78.5240870360 191.8570452116
-82.5775121859 78.6687600685 191.8290203917
-82.4775121859 78.8132716928 191.8010957402
-82.3775121859 78.9576231706 191.7732704797
-82.2775121859 79.1018157488 191.7455438424
-82.1775121859 79.2458506598 191.7179150690
-82.0775121859 79.3897291216 191.6903834091
-81.9775121859 79.5334523382 191.6629481209
-81.8775121859 79.6770214997 191.6356084712
-81.7775121859 79.8204377827 191.6083637348
-81.6775121859 79.9637023501 191.5812131952
-81.5775121859 80.1068163519 191.5541561437
-81.4775121859 80.2497809250 191.5271918796
-81.3775121859 80.3925971933 191.5003197100
-81.2775121859 80.5352662683 191.4735389500
-81.1775121859 80.6777892491 191.4468489220
-81.0775121859 80.8201672225 191.4202489559
-80.9775121859 80.9624012632 191.3937383892
-80.8775121859 81.1044924341 191.3673165666
-80.7775121859 81.2464417866 191.3409828397
-80.6775121859 81.3882503602 191.3147365676
-80.5775121859 81.5299191836 191.2885771159
-80.4775121859 81.6714492738 191.2625038573
-80.3775121859 81.8128416371 191.2365161713
-80.2775121859 81.9540972690 191.2106134437
-80.1775121859 82.0952171542 191.1847950673
-80.0775121859 82.2362022669 191.1590604409
-79.9775121859 82.3770535711 191.1334089701
-79.8775121859 82.5177720203 191.1078400664
-79.7775121859 82.6583585581 191.0823531476
-79.6775121859 82.7988141183 191.0569476376
-79.5775121859 82.9391396246 191.0316229664
-79.4775121859 83.0793359915 191.0063785697
-79.3775121859 83.2194041236 190.9812138891
-79.2775121859 83.3593449163 190.9561283721
-79.1775121859 83.4991592558 190.9311214716
-79.0775121859 83.6388480191 190.9061926464
-78.9775121859 83.7784120744 190.8813413604
-78.8775121859 83.9178522809 190.8565670834
-78.7775121859 84.0571694890 190.8318692902
-78.6775121859 84.1963645408 190.8072474609
-78.5775121859 84.3354382696 190.7827010811
-78.4775121859 84.4743915005 190.7582296413
-78.3775121859 84.6132250503 190.7338326370
-78.2775121859 84.7519397276 190.7095095688
-78.1775121859 84.8905363331 190.6852599424
-78.0775121859 85.0290156595 190.6610832680
-77.9775121859 85.1673784918 190.6369790610
-77.8775121859 85.3056256070 190.6129468411
-77.7775121859 85.4437577749 190.5889861331
-77.6775121859 85.5817757574 190.5650964661
-77.5775121859 85.7196803092 190.5412773738
-77.4775121859 85.8574721778 190.5175283946
-77.3775121859 85.9951521034 190.4938490710
-77.2775121859 86.1327208188 190.4702389502
-77.1775121859 86.2701790503 190.4466975834
-77.0775121859 86.4075275169 190.4232245262
-76.9775121859 86.5447669309 190.3998193385
-76.8775121859 86.6818979978 190.3764815842
-76.7775121859 86.8189214165 190.3532108314
-76.6775121859 86.9558378792 190.3300066520
-76.5775121859 87.0926480719 190.3068686223
-76.4775121859 87.2293526737 190.2837963221
-76.3775121859 87.3659523579 190.2607893354
-76.2775121859 87.5024477913 190.2378472500
-76.1775121859 87.6388396344 190.2149696573
-76.0775121859 87.7751285419 190.1921561525
-75.9775121859 87.9113151623 190.1694063348
-75.8775121859 88.0474001382 190.1467198066
-75.7775121859 88.1833841065 190.1240961741
-75.6775121859 88.3192676980 190.1015350472
-75.5775121859 88.4550515381 190.0790360392
-75.4775121859 88.5907362463 190.0565987667
-75.3775121859 88.7263224366 190.0342228499
-75.2775121859 88.8618107177 190.0119079125
-75.1775121859 88.9972016925 189.9896535813
-75.0775121859 89.1324959588 189.9674594866
-74.9775121859 89.2676941090 189.9453252618
-74.8775121859 89.4027967302 189.9232505437
-74.7775121859 89.5378044045 189.9012349721
-74.6775121859 89.6727177087 189.8792781901
-74.5775121859 89.8075372146 189.8573798438
-74.4775121859 89.9422634890 189.8355395825
-74.3775121859 90.0768970938 189.8137570583
-74.2775121859 90.2114385860 189.7920319267
-74.1775121859 90.3458885178 189.7703638458
-74.0775121859 90.4802474366 189.7487524767
-73.9775121859 90.6145158850 189.7271974835
-73.8775121859 90.7486944013 189.7056985332
-73.7775121859 90.8827835187 189.6842552954
-73.6775121859 91.0167837664 189.6628674427
-73.5775121859 91.1506956686 189.6415346505
-73.4775121859 91.2845197454 189.6202565966
-73.3775121859 91.4182565124 189.5990329620
-73.2775121859 91.5519064808 189.5778634298
-73.1775121859 91.6854701577 189.5567476863
-73.0775121859 91.8189480459 189.5356854201
-72.9775121859 91.9523406438 189.5146763223
-72.8775121859 92.0856484459 189.4937200868
-72.7775121859 92.2188719425 189.4728164098
-72.6775121859 92.3520116200 189.4519649901
-72.5775121859 92.4850679606 189.4311655291
-72.4775121859 92.6180414426 189.4104177302
-72.3775121859 92.7509325404 189.3897212998
-72.2775121859 92.8837417246 189.3690759461
-72.1775121859 93.0164694620 189.3484813801
-72.0775121859 93.1491162154 189.3279373150
-71.9775121859 93.2816824440 189.3074434661
-71.8775121859 93.4141686035 189.2869995513
-71.7775121859 93.5465751455 189.2666052905
-71.6775121859 93.6789025183 189.2462604059
-71.5775121859 93.8111511666 189.2259646220
-71.4775121859 93.9433215315 189.2057176655
-71.3775121859 94.0754140505 189.1855192650
-71.2775121859 94.2074291579 189.1653691514
-71.1775121859 94.3393672843 189.1452670578
-71.0775121859 94.4712288571 189.1252127194
-70.9775121859 94.6030143003 189.1052058731
-70.8775121859 94.7347240345 189.0852462583
-70.7775121859 94.8663584771 189.0653336162
-70.6775121859 94.9979180422 189.0454676900
-70.5775121859 95.1294031408 189.0256482248
-70.4775121859 95.2608141806 189.0058749680
-70.3775121859 95.3921515662 188.9861476686
-70.2775121859 95.5234156992 188.9664660776
-70.1775121859 95.6546069779 188.9468299479
-70.0775121859 95.7857257977 188.9272390343
-69.9775121859 95.9167725511 188.9076930934
-69.8775121859 96.0477476273 188.8881918839
-69.7775121859 96.1786514128 188.8687351659
-69.6775121859 96.3094842911 188.8493227016
-69.5775121859 96.4402466428 188.8299542548
-69.4775121859 96.5709388458 188.8106295913
-69.3775121859 96.7015612749 188.7913484784
-69.2775121859 96.8321143023 188.7721106852
-69.1775121859 96.9625982974 188.7529159827
-69.0775121859 97.0930136266 188.7337641432
-68.9775121859 97.2233606541 188.7146549411
-68.8775121859 97.3536397409 188.6955881521
-68.7775121859 97.4838512456 188.6765635538
-68.6775121859 97.6139955242 188.6575809254
-68.5775121859 97.7440729299 188.6386400474
-68.4775121859 97.8740838135 188.6197407024
-68.3775121859 98.0040285231 188.6008826742
-68.2775121859 98.1339074044 188.5820657482
-68.1775121859 98.2637208006 188.5632897115
-68.0775121859 98.3934690522 188.5445543525
-67.9775121859 98.5231524976 188.5258594615
-67.8775121859 98.6527714723 188.5072048299
-67.7775121859 98.7823263099 188.4885902508
-67.6775121859 98.9118173414 188.4700155187
-67.5775121859 99.0412448952 188.4514804295
-67.4775121859 99.1706092977 188.4329847807
-67.3775121859 99.2999108729 188.4145283712
-67.2775121859 99.4291499425 188.3961110011
-67.1775121859 99.5583268259 188.3777324722
-67.0775121859 99.6874418401 188.3593925875
-66.9775121859 99.8164953003 188.3410911513
-66.8775121859 99.9454875190 188.3228279696
-66.7775121859 100.0744188069 188.3046028493
-66.6775121859 100.2032894723 188.2864155990
-66.5775121859 100.3320998215 188.2682660285
-66.4775121859 100.4608501586 188.2501539489
-66.3775121859 100.5895407856 188.2320791725
-66.2775121859 100.7181720025 188.2140415130
-66.1775121859 100.8467441072 188.1960407854
-66.0775121859 100.9752573955 188.1780768058
-65.9775121859 101.1037121611 188.1601493918
-65.8775121859 101.2321086961 188.1422583620
-65.7775121859 101.3604472901 188.1244035364
-65.6775121859 101.4887282311 188.1065847361
-65.5775121859 101.6169518049 188.0888017834
-65.4775121859 101.7451182955 188.0710545018
-65.3775121859 101.8732279851 188.0533427161
-65.2775121859 102.0012811538 188.0356662522
-65.1775121859 102.1292780800 188.0180249370
-65.0775121859 102.2572190400 188.0004185989
-64.9775121859 102.3851043085 187.9828470670
-64.8775121859 102.5129341583 187.9653101719
-64.7775121859 102.6407088603 187.9478077450
-64.6775121859 102.7684286838 187.9303396192
-64.5775121859 102.8960938961 187.9129056282
-64.4775121859 103.0237047629 187.8955056068
-64.3775121859 103.1512615481 187.8781393910
-64.2775121859 103.2787645138 187.8608068178
-64.1775121859 103.4062139207 187.8435077252
-64.0775121859 103.5336100273 187.8262419523
-63.9775121859 103.6609530909 187.8090093394
-63.8775121859 103.7882433668 187.7918097276
-63.7775121859 103.9154811088 187.7746429590
-63.6775121859 104.0426665691 187.7575088770
-63.5775121859 104.1697999981 187.7404073256
-63.4775121859 104.2968816449 187.7233381503
-63.3775121859 104.4239117566 187.7063011970
-63.2775121859 104.5508905790 187.6892963130
-63.1775121859 104.6778183564 187.6723233465
-63.0775121859 104.8046953313 187.6553821465
-62.9775121859 104.9315217448 187.6384725630
-62.8775121859 105.0582978364 187.6215944472
-62.7775121859 105.1850238443 187.6047476508
-62.6775121859 105.3117000050 187.5879320268
-62.5775121859 105.4383265535 187.5711474289
-62.4775121859 105.5649037234 187.5543937118
-62.3775121859 105.6914317469 187.5376707310
-62.2775121859 105.8179108546 187.5209783431
-62.1775121859 105.9443412759 187.5043164054
-62.0775121859 106.0707232385 187.4876847762
-61.9775121859 106.1970569689 187.4710833146
-61.8775121859 106.3233426921 187.4545118805
-61.7775121859 106.4495806317 187.4379703347
-61.6775121859 106.5757710100 187.4214585391
-61.5775121859 106.7019140480 187.4049763560
-61.4775121859 106.8280099652 187.3885236489
-61.3775121859 106.9540589797 187.3721002819
-61.2775121859 107.0800613085 187.3557061201
-61.1775121859 107.2060171673 187.3393410293
-61.0775121859 107.3319267701 187.3230048761
-60.9775121859 107.4577903301 187.3066975279
-60.8775121859 107.5836080589 187.2904188531
-60.7775121859 107.7093801669 187.2741687205
-60.6775121859 107.8351068633 187.2579470000
-60.5775121859 107.9607883560 187.2417535622
-60.4775121859 108.0864248517 187.2255882783
-60.3775121859 108.2120165558 187.2094510206
-60.2775121859 108.3375636725 187.1933416618
-60.1775121859 108.4630664048 187.1772600756
-60.0775121859 108.5885249546 187.1612061363
-59.9775121859 108.7139395225 187.1451797190
-59.8775121859 108.8393103078 187.1291806995
-59.7775121859 108.9646375089 187.1132089544
-59.6775121859 109.0899213229 187.0972643608
-59.5775121859 109.2151619456 187.0813467969
-59.4775121859 109.3403595720 187.0654561412
-59.3775121859 109.4655143957 187.0495922731
-59.2775121859 109.5906266092 187.0337550728
-59.1775121859 109.7156964041 187.0179444210
-59.0775121859 109.8407239705 187.0021601990
-58.9775121859 109.9657094979 186.9864022892
-58.8775121859 110.0906531742 186.9706705742
-58.7775121859 110.2155551866 186.9549649376
-58.6775121859 110.3404157210 186.9392852635
-58.5775121859 110.4652349625 186.9236314366
-58.4775121859 110.5900130949 186.9080033425
-58.3775121859 110.7147503009 186.8924008672
-58.2775121859 110.8394467626 186.8768238974
-58.1775121859 110.9641026605 186.8612723206
-58.0775121859 111.0887181744 186.8457460247
-57.9775121859 111.2132934832 186.8302448983
-57.8775121859 111.3378287644 186.8147688308
-57.7775121859 111.4623241949 186.7993177120
-57.6775121859 111.5867799505 186.7838914323
-57.5775121859 111.7111962058 186.7684898829
-57.4775121859 111.8355731347 186.7531129555
-57.3775121859 111.9599109100 186.7377605424
-57.2775121859 112.0842097035 186.7224325363
-57.1775121859 112.2084696863 186.7071288309
-57.0775121859 112.3326910282 186.6918493202
-56.9775121859 112.4568738984 186.6765938988
-56.8775121859 112.5810184648 186.6613624619
-56.7775121859 112.7051248948 186.6461549054
-56.6775121859 112.8291933547 186.6309711255
-56.5775121859 112.9532240096 186.6158110192
-56.4775121859 113.0772170243 186.6006744840
-56.3775121859 113.2011725621 186.5855614179
-56.2775121859 113.3250907859 186.5704717194
-56.1775121859 113.4489718574 186.5554052877
-56.0775121859 113.5728159375 186.5403620224
-55.9775121859 113.6966231864 186.5253418238
-55.8775121859 113.8203937633 186.5103445926
-55.7775121859 113.9441278264 186.4953702300
-55.6775121859 114.0678255334 186.4804186379
-55.5775121859 114.1914870409 186.4654897185
-55.4775121859 114.3151125047 186.4505833746
-55.3775121859 114.4387020799 186.4356995096
-55.2775121859 114.5622559205 186.4208380274
-55.1775121859 114.6857741801 186.4059988323
-55.0775121859 114.8092570112 186.3911818291
-54.9775121859 114.9327045655 186.3763869232
-54.8775121859 115.0561169940 186.3616140204
-54.7775121859 115.1794944469 186.3468630272
-54.6775121859 115.3028370735 186.3321338502
-54.5775121859 115.4261450226 186.3174263968
-54.4775121859 115.5494184418 186.3027405749
-54.3775121859 115.6726574783 186.2880762926
-54.2775121859 115.7958622784 186.2734334587
-54.1775121859 115.9190329876 186.2588119824
-54.0775121859 116.0421697507 186.2442117734
-53.9775121859 116.1652727118 186.2296327418
-53.8775121859 116.2883420142 186.2150747981
-53.7775121859 116.4113778005 186.2005378536
-53.6775121859 116.5343802125 186.1860218195
-53.5775121859 116.6573493913 186.1715266080
-53.4775121859 116.7802854774 186.1570521313
-53.3775121859 116.9031886104 186.1425983024
-53.2775121859 117.0260589294 186.1281650345
-53.1775121859 117.1488965725 186.1137522413
-53.0775121859 117.2717016775 186.0993598369
-52.9775121859 117.3944743811 186.0849877360
-52.8775121859 117.5172148196 186.0706358536
-52.7775121859 117.6399231285 186.0563041050
-52.6775121859 117.7625994427 186.0419924061
-52.5775121859 117.8852438962 186.0277006732
-52.4775121859 118.0078566227 186.0134288229
-52.3775121859 118.1304377549 185.9991767724
-52.2775121859 118.2529874251 185.9849444392
-52.1775121859 118.3755057647 185.9707317411
-52.0775121859 118.4979929046 185.9565385965
-51.9775121859 118.6204489751 185.9423649240
-51.8775121859 118.7428741057 185.9282106429
-51.7775121859 118.8652684255 185.9140756725
-51.6775121859 118.9876320626 185.8999599328
-51.5775121859 119.1099651449 185.8858633440
-51.4775121859 119.2322677993 185.8717858269
-51.3775121859 119.3545401524 185.8577273024
-51.2775121859 119.4767823300 185.8436876921
-51.1775121859 119.5989944573 185.8296669177
-51.0775121859 119.7211766589 185.8156649013
-50.9775121859 119.8433290590 185.8016815657
-50.8775121859 119.9654517808 185.7877168336
-50.7775121859 120.0875449473 185.7737706285
-50.6775121859 120.2096086806 185.7598428739
-50.5775121859 120.3316431026 185.7459334939
-50.4775121859 120.4536483341 185.7320424128
-50.3775121859 120.5756244959 185.7181695555
-50.2775121859 120.6975717077 185.7043148469
-50.1775121859 120.8194900890 185.6904782126
-50.0775121859 120.9413797586 185.6766595784
-49.9775121859 121.0632408346 185.6628588704
-49.8775121859 121.1850734349 185.6490760151
-49.7775121859 121.3068776765 185.6353109393
-49.6775121859 121.4286536761 185.6215635703
-49.5775121859 121.5504015496 185.6078338354
-49.4775121859 121.6721214126 185.5941216627
-49.3775121859 121.7938133800 185.5804269803
-49.2775121859 121.9154775663 185.5667497166
-49.1775121859 122.0371140854 185.5530898006
-49.0775121859 122.1587230506 185.5394471614
-48.9775121859 122.2803045748 185.5258217286
-48.8775121859 122.4018587703 185.5122134318
-48.7775121859 122.5233857489 185.4986222014
-48.6775121859 122.6448856220 185.4850479677
-48.5775121859 122.7663585003 185.4714906615
-48.4775121859 122.8878044941 185.4579502140
-48.3775121859 123.0092237132 185.4444265565
-48.2775121859 123.1306162669 185.4309196207
-48.1775121859 123.2519822640 185.4174293386
-48.0775121859 123.3733218128 185.4039556427
-47.9775121859 123.4946350210 185.3904984654
-47.8775121859 123.6159219961 185.3770577399
-47.7775121859 123.7371828448 185.3636333991
-47.6775121859 123.8584176735 185.3502253768
-47.5775121859 123.9796265882 185.3368336068
-47.4775121859 124.1008096941 185.3234580231
-47.3775121859 124.2219670963 185.3100985601
-47.2775121859 124.3430988993 185.2967551527
-47.1775121859 124.4642052070 185.2834277357
-47.0775121859 124.5852861230 185.2701162444
-46.9775121859 124.7063417505 185.2568206144
-46.8775121859 124.8273721920 185.2435407815
-46.7775121859 124.9483775497 185.2302766819
-46.6775121859 125.0693579254 185.2170282520
-46.5775121859 125.1903134204 185.2037954284
-46.4775121859 125.3112441356 185.1905781481
-46.3775121859 125.4321501713 185.1773763483
-46.2775121859 125.5530316276 185.1641899665
-46.1775121859 125.6738886039 185.1510189404
-46.0775121859 125.7947211994 185.1378632082
-45.9775121859 125.9155295129 185.1247227081
-45.8775121859 126.0363136425 185.1115973787
-45.7775121859 126.1570736861 185.0984871588
-45.6775121859 126.2778097410 185.0853919874
-45.5775121859 126.3985219045 185.0723118040
-45.4775121859 126.5192102729 185.0592465482
-45.3775121859 126.6398749425 185.0461961597
-45.2775121859 126.7605160090 185.0331605788
-45.1775121859 126.8811335679 185.0201397458
-45.0775121859 127.0017277140 185.0071336012
-44.9775121859 127.1222985420 184.9941420861
-44.8775121859 127.2428461459 184.9811651414
-44.7775121859 127.3633706196 184.9682027086
-44.6775121859 127.4838720564 184.9552547292
-44.5775121859 127.6043505493 184.9423211452
-44.4775121859 127.7248061909 184.9294018986
-44.3775121859 127.8452390734 184.9164969317
-44.2775121859 127.9656492886 184.9036061871
-44.1775121859 128.0860369280 184.8907296076
-44.0775121859 128.2064020825 184.8778671362
-43.9775121859 128.3267448430 184.8650187163
-43.8775121859 128.4470652996 184.8521842914
-43.7775121859 128.5673635425 184.8393638051
-43.6775121859 128.6876396610 184.8265572015
-43.5775121859 128.8078937445 184.8137644247
-43.4775121859 128.9281258817 184.8009854191
-43.3775121859 129.0483361612 184.7882201295
-43.2775121859 129.1685246710 184.7754685007
-43.1775121859 129.2886914990 184.7627304777
-43.0775121859 129.4088367325 184.7500060060
-42.9775121859 129.5289604585 184.7372950310
-42.8775121859 129.6490627639 184.7245974985
-42.7775121859 129.7691437349 184.7119133544
-42.6775121859 129.8892034576 184.6992425450
-42.5775121859 130.0092420175 184.6865850166
-42.4775121859 130.1292595001 184.6739407159
-42.3775121859 130.2492559904 184.6613095896
-42.2775121859 130.3692315728 184.6486915849
-42.1775121859 130.4891863319 184.6360866489
-42.0775121859 130.6091203515 184.6234947291
-41.9775121859 130.7290337153 184.6109157732
-41.8775121859 130.8489265065 184.5983497290
-41.7775121859 130.9687988083 184.5857965446
-41.6775121859 131.0886507032 184.5732561683
-41.5775121859 131.2084822736 184.5607285485
-41.4775121859 131.3282936016 184.5482136339
-41.3775121859 131.4480847687 184.5357113733
-41.2775121859 131.5678558564 184.5232217158
-41.1775121859 131.6876069458 184.5107446108
-41.0775121859 131.8073381176 184.4982800076
-40.9775121859 131.9270494522 184.4858278558
-40.8775121859 132.0467410298 184.4733881055
-40.7775121859 132.1664129302 184.4609607064
-40.6775121859 132.2860652330 184.4485456090
-40.5775121859 132.4056980173 184.4361427635
-40.4775121859 132.5253113620 184.4237521207
-40.3775121859 132.6449053458 184.4113736312
-40.2775121859 132.7644800470 184.3990072461
-40.1775121859 132.8840355435 184.3866529165
-40.0775121859 133.0035719132 184.3743105938
-39.9775121859 133.1230892335 184.3619802295
-39.8775121859 133.2425875815 184.3496617752
-39.7775121859 133.3620670340 184.3373551829
-39.6775121859 133.4815276676 184.3250604047
-39.5775121859 133.6009695586 184.3127773927
-39.4775121859 133.7203927829 184.3005060994
-39.3775121859 133.8397974164 184.2882464773
-39.2775121859 133.9591835344 184.2759984794
-39.1775121859 134.0785512121 184.2637620584
-39.0775121859 134.1979005244 184.2515371675
-38.9775121859 134.3172315458 184.2393237600
-38.8775121859 134.4365443507 184.2271217893
-38.7775121859 134.5558390131 184.2149312092
-38.6775121859 134.6751156069 184.2027519732
-38.5775121859 134.7943742055 184.1905840355
-38.4775121859 134.9136148822 184.1784273501
-38.3775121859 135.0328377099 184.1662818714
-38.2775121859 135.1520427615 184.1541475538
-38.1775121859 135.2712301094 184.1420243519
-38.0775121859 135.3903998256 184.1299122204
-37.9775121859 135.5095519823 184.1178111144
-37.8775121859 135.6286866510 184.1057209890
-37.7775121859 135.7478039033 184.0936417993
-37.6775121859 135.8669038102 184.0815735009
-37.5775121859 135.9859864427 184.0695160493
-37.4775121859 136.1050518714 184.0574694002
-37.3775121859 136.2241001668 184.0454335095
-37.2775121859 136.3431313990 184.0334083333
-37.1775121859 136.4621456380 184.0213938278
-37.0775121859 136.5811429535 184.0093899493
-36.9775121859 136.7001234147 183.9973966544
-36.8775121859 136.8190870911 183.9854138996
-36.7775121859 136.9380340514 183.9734416418
-36.6775121859 137.0569643644 183.9614798379
-36.5775121859 137.1758780986 183.9495284451
-36.4775121859 137.2947753223 183.9375874206
-36.3775121859 137.4136561033 183.9256567218
-36.2775121859 137.5325205095 183.9137363062
-36.1775121859 137.6513686084 183.9018261315
-36.0775121859 137.7702004674 183.8899261556
-35.9775121859 137.8890161534 183.8780363364
-35.8775121859 138.0078157333 183.8661566321
-35.7775121859 138.1265992738 183.8542870008
-35.6775121859 138.2453668412 183.8424274011
-35.5775121859 138.3641185017 183.8305777913
-35.4775121859 138.4828543213 183.8187381303
-35.3775121859 138.6015743656 183.8069083768
-35.2775121859 138.7202787002 183.7950884898
-35.1775121859 138.8389673903 183.7832784284
-35.0775121859 138.9576405010 183.7714781517
-34.9775121859 139.0762980972 183.7596876192
-34.8775121859 139.1949402435 183.7479067904
-34.7775121859 139.3135670044 183.7361356248
-34.6775121859 139.4321784439 183.7243740822
-34.5775121859 139.5507746262 183.7126221226
-34.4775121859 139.6693556149 183.7008797059
-34.3775121859 139.7879214738 183.6891467922
-34.2775121859 139.9064722661 183.6774233420
-34.1775121859 140.0250080550 183.6657093155
-34.0775121859 140.1435289035 183.6540046733
-33.9775121859 140.2620348743 183.6423093762
-33.8775121859 140.3805260300 183.6306233847
-33.7775121859 140.4990024329 183.6189466600
-33.6775121859 140.6174641452 183.6072791630
-33.5775121859 140.7359112289 183.5956208549
-33.4775121859 140.8543437456 183.5839716970
-33.3775121859 140.9727617570 183.5723316506
-33.2775121859 141.0911653244 183.5607006774
-33.1775121859 141.2095545089 183.5490787390
-33.0775121859 141.3279293716 183.5374657971
-32.9775121859 141.4462899732 183.5258618136
-32.8775121859 141.5646363743 183.5142667506
-32.7775121859 141.6829686354 183.5026805702
-32.6775121859 141.8012868165 183.4911032346
-32.5775121859 141.9195909779 183.4795347062
-32.4775121859 142.0378811792 183.4679749475
-32.3775121859 142.1561574801 183.4564239211
-32.2775121859 142.2744199402 183.4448815897
-32.1775121859 142.3926686186 183.4333479161
-32.0775121859 142.5109035745 183.4218228632
-31.9775121859 142.6291248669 183.4103063942
-31.8775121859 142.7473325544 183.3987984721
-31.7775121859 142.8655266956 183.3872990603
-31.6775121859 142.9837073489 183.3758081222
-31.5775121859 143.1018745726 183.3643256212
-31.4775121859 143.2200284246 183.3528515209
-31.3775121859 143.3381689627 183.3413857851
-31.2775121859 143.4562962448 183.3299283776
-31.1775121859 143.5744103283 183.3184792623
-31.0775121859 143.6925112704 183.3070384033
-30.9775121859 143.8105991285 183.2956057647
-30.8775121859 143.9286739595 183.2841813108
-30.7775121859 144.0467358202 183.2727650058
-30.6775121859 144.1647847674 183.2613568144
-30.5775121859 144.2828208574 183.2499567010
-30.4775121859 144.4008441466 183.2385646303
-30.3775121859 144.5188546912 183.2271805670
-30.2775121859 144.6368525472 183.2158044762
-30.1775121859 144.7548377704 183.2044363227
-30.0775121859 144.8728104165 183.1930760716
-29.9775121859 144.9907705410 183.1817236880
-29.8775121859 145.1087181993 183.1703791374
-29.7775121859 145.2266534466 183.1590423849
-29.6775121859 145.3445763379 183.1477133962
-29.5775121859 145.4624869280 183.1363921368
-29.4775121859 145.5803852718 183.1250785723
-29.3775121859 145.6982714238 183.1137726685
-29.2775121859 145.8161454384 183.1024743913
-29.1775121859 145.9340073699 183.0911837066
-29.0775121859 146.0518572723 183.0799005805
-28.9775121859 146.1696951997 183.0686249792
-28.8775121859 146.2875212058 183.0573568688
-28.7775121859 146.4053353444 183.0460962157
-28.6775121859 146.5231376688 183.0348429864
-28.5775121859 146.6409282326 183.0235971474
-28.4775121859 146.7587070888 183.0123586652
-28.3775121859 146.8764742906 183.0011275065
-28.2775121859 146.9942298909 182.9899036383
-28.1775121859 147.1119739424 182.9786870272
-28.0775121859 147.2297064979 182.9674776404
-27.9775121859 147.3474276097 182.9562754449
-27.8775121859 147.4651373303 182.9450804079
-27.7775121859 147.5828357119 182.9338924964
-27.6775121859 147.7005228064 182.9227116780
-27.5775121859 147.8181986660 182.9115379200
-27.4775121859 147.9358633422 182.9003711900
-27.3775121859 148.0535168869 182.8892114554
-27.2775121859 148.1711593514 182.8780586839
-27.1775121859 148.2887907873 182.8669128435
-27.0775121859 148.4064112457 182.8557739017
-26.9775121859 148.5240207778 182.8446418267
-26.8775121859 148.6416194344 182.8335165863
-26.7775121859 148.7592072666 182.8223981488
-26.6775121859 148.8767843249 182.8112864822
-26.5775121859 148.9943506600 182.8001815548
-26.4775121859 149.1119063223 182.7890833349
-26.3775121859 149.2294513621 182.7779917911
-26.2775121859 149.3469858296 182.7669068917
-26.1775121859 149.4645097750 182.7558286053
-26.0775121859 149.5820232480 182.7447569006
-25.9775121859 149.6995262986 182.7336917464
-25.8775121859 149.8170189764 182.7226331114
-25.7775121859 149.9345013310 182.7115809646
-25.6775121859 150.0519734118 182.7005352749
-25.5775121859 150.1694352681 182.6894960113
-25.4775121859 150.2868869491 182.6784631430
-25.3775121859 150.4043285039 182.6674366392
-25.2775121859 150.5217599814 182.6564164692
-25.1775121859 150.6391814304 182.6454026023
-25.0775121859 150.7565928997 182.6343950079
-24.9775121859 150.8739944377 182.6233936556
-24.8775121859 150.9913860931 182.6123985148
-24.7775121859 151.1087679142 182.6014095554
-24.6775121859 151.2261399491 182.5904267469
-24.5775121859 151.3435022460 182.5794500591
-24.4775121859 151.4608548528 182.5684794621
-24.3775121859 151.5781978176 182.5575149256
-24.2775121859 151.6955311880 182.5465564196
-24.1775121859 151.8128550117 182.5356039144
-24.0775121859 151.9301693362 182.5246573799
-23.9775121859 152.0474742090 182.5137167865
-23.8775121859 152.1647696774 182.5027821044
-23.7775121859 152.2820557886 182.4918533040
-23.6775121859 152.3993325898 182.4809303557
-23.5775121859 152.5166001278 182.4700132300
-23.4775121859 152.6338584496 182.4591018974
-23.3775121859 152.7511076020 182.4481963286
-23.2775121859 152.8683476316 182.4372964943
-23.1775121859 152.9855785850 182.4264023653
-23.0775121859 153.1028005086 182.4155139124
-22.9775121859 153.2200134488 182.4046311064
-22.8775121859 153.3372174519 182.3937539183
-22.7775121859 153.4544125639 182.3828823192
-22.6775121859 153.5715988310 182.3720162802
-22.5775121859 153.6887762990 182.3611557724
-22.4775121859 153.8059450137 182.3503007670
-22.3775121859 153.9231050210 182.3394512352
-22.2775121859 154.0402563665 182.3286071486
-22.1775121859 154.1573990956 182.3177684784
-22.0775121859 154.2745332539 182.3069351961
-21.9775121859 154.3916588866 182.2961072732
-21.8775121859 154.5087760389 182.2852846814
-21.7775121859 154.6258847561 182.2744673923
-21.6775121859 154.7429850831 182.2636553775
-21.5775121859 154.8600770650 182.2528486090
-21.4775121859 154.9771607465 182.2420470585
-21.3775121859 155.0942361724 182.2312506978
-21.2775121859 155.2113033873 182.2204594990
-21.1775121859 155.3283624359 182.2096734341
-21.0775121859 155.4454133626 182.1988924751
-20.9775121859 155.5624562117 182.1881165942
-20.8775121859 155.6794910276 182.1773457634
-20.7775121859 155.7965178545 182.1665799552
-20.6775121859 155.9135367364 182.1558191417
-20.5775121859 156.0305477175 182.1450632954
-20.4775121859 156.1475508415 182.1343123885
-20.3775121859 156.2645461523 182.1235663937
-20.2775121859 156.3815336938 182.1128252834
-20.1775121859 156.4985135095 182.1020890302
-20.0775121859 156.6154856430 182.0913576067
-19.9775121859 156.7324501378 182.0806309856
-19.8775121859 156.8494070373 182.0699091397
-19.7775121859 156.9663563848 182.0591920416
-19.6775121859 157.0832982236 182.0484796644
-19.5775121859 157.2002325968 182.0377719808
-19.4775121859 157.3171595474 182.0270689638
-19.3775121859 157.4340791184 182.0163705865
-19.2775121859 157.5509913528 182.0056768218
-19.1775121859 157.6678962933 181.9949876429
-19.0775121859 157.7847939827 181.9843030229
-18.9775121859 157.9016844635 181.9736229351
-18.8775121859 158.0185677785 181.9629473527
-18.7775121859 158.1354439700 181.9522762489
-18.6775121859 158.2523130805 181.9416095972
-18.5775121859 158.3691751523 181.9309473710
-18.4775121859 158.4860302277 181.9202895436
-18.3775121859 158.6028783488 181.9096360887
-18.2775121859 158.7197195577 181.8989869797
-18.1775121859 158.8365538965 181.8883421903
-18.0775121859 158.9533814071 181.8777016941
-17.9775121859 159.0702021313 181.8670654648
-17.8775121859 159.1870161110 181.8564334761
-17.7775121859 159.3038233879 181.8458057019
-17.6775121859 159.4206240036 181.8351821159
-17.5775121859 159.5374179997 181.8245626920
-17.4775121859 159.6542054177 181.8139474042
-17.3775121859 159.7709862990 181.8033362265
-17.2775121859 159.8877606850 181.7927291327
-17.1775121859 160.0045286169 181.7821260971
-17.0775121859 160.1212901360 181.7715270937
-16.9775121859 160.2380452834 181.7609320966
-16.8775121859 160.3547941002 181.7503410801
-16.7775121859 160.4715366273 181.7397540184
-16.6775121859 160.5882729057 181.7291708857
-16.5775121859 160.7050029764 181.7185916564
-16.4775121859 160.8217268799 181.7080163048
-16.3775121859 160.9384446572 181.6974448054
-16.2775121859 161.0551563488 181.6868771325
-16.1775121859 161.1718619954 181.6763132608
-16.0775121859 161.2885616375 181.6657531646
-15.9775121859 161.4052553155 181.6551968186
-15.8775121859 161.5219430698 181.6446441974
-15.7775121859 161.6386249409 181.6340952757
-15.6775121859 161.7553009688 181.6235500281
-15.5775121859 161.8719711940 181.6130084293
-15.4775121859 161.9886356564 181.6024704542
-15.3775121859 162.1052943962 181.5919360775
-15.2775121859 162.2219474534 181.5814052741
-15.1775121859 162.3385948679 181.5708780189
-15.0775121859 162.4552366798 181.5603542867
-14.9775121859 162.5718729287 181.5498340527
-14.8775121859 162.6885036544 181.5393172917
-14.7775121859 162.8051288968 181.5288039787
-14.6775121859 162.9217486954 181.5182940890
-14.5775121859 163.0383630898 181.5077875975
-14.4775121859 163.1549721196 181.4972844795
-14.3775121859 163.2715758243 181.4867847101
-14.2775121859 163.3881742432 181.4762882645
-14.1775121859 163.5047674158 181.4657951180
-14.0775121859 163.6213553814 181.4553052459
-13.9775121859 163.7379381792 181.4448186234
-13.8775121859 163.8545158484 181.4343352261
-13.7775121859 163.9710884282 181.4238550291
-13.6775121859 164.0876559576 181.4133780081
-13.5775121859 164.2042184758 181.4029041384
-13.4775121859 164.3207760216 181.3924333955
-13.3775121859 164.4373286340 181.3819657550
-13.2775121859 164.5538763519 181.3715011925
-13.1775121859 164.6704192142 181.3610396834
-13.0775121859 164.7869572595 181.3505812035
-12.9775121859 164.9034905266 181.3401257284
-12.8775121859 165.0200190542 181.3296732338
-12.7775121859 165.1365428809 181.3192236953
-12.6775121859 165.2530620452 181.3087770889
-12.5775121859 165.3695765858 181.2983333902
-12.4775121859 165.4860865410 181.2878925751
-12.3775121859 165.6025919493 181.2774546194
-12.2775121859 165.7190928491 181.2670194990
-12.1775121859 165.8355892786 181.2565871897
-12.0775121859 165.9520812763 181.2461576676
-11.9775121859 166.0685688802 181.2357309086
-11.8775121859 166.1850521286 181.2253068887
-11.7775121859 166.3015310596 181.2148855838
-11.6775121859 166.4180057113 181.2044669701
-11.5775121859 166.5344761218 181.1940510237
-11.4775121859 166.6509423291 181.1836377206
-11.3775121859 166.7674043711 181.1732270370
-11.2775121859 166.8838622857 181.1628189490
-11.1775121859 167.0003161109 181.1524134328
-11.0775121859 167.1167658844 181.1420104647
-10.9775121859 167.2332116441 181.1316100209
-10.8775121859 167.3496534276 181.1212120776
-10.7775121859 167.4660912727 181.1108166111
-10.6775121859 167.5825252170 181.1004235979
-10.5775121859 167.6989552982 181.0900330141
-10.4775121859 167.8153815538 181.0796448363
-10.3775121859 167.9318040214 181.0692590407
-10.2775121859 168.0482227385 181.0588756039
-10.1775121859 168.1646377425 181.0484945022
-10.0775121859 168.2810490709 181.0381157121
-9.9775121859 168.3974567610 181.0277392102
-9.8775121859 168.5138608501 181.0173649729
-9.7775121859 168.6302613757 181.0069929768
-9.6775121859 168.7466583749 180.9966231984
-9.5775121859 168.8630518850 180.9862556144
-9.4775121859 168.9794419432 180.9758902014
-9.3775121859 169.0958285866 180.9655269359
-9.2775121859 169.2122118524 180.9551657947
-9.1775121859 169.3285917777 180.9448067544
-9.0775121859 169.4449683994 180.9344497917
-8.9775121859 169.5613417547 180.9240948834
-8.8775121859 169.6777118805 180.9137420061
-8.7775121859 169.7940788137 180.9033911367
-8.6775121859 169.9104425913 180.8930422520
-8.5775121859 170.0268032502 180.8826953287
-8.4775121859 170.1431608272 180.8723503437
-8.3775121859 170.2595153591 180.8620072738
-8.2775121859 170.3758668828 180.8516660959
-8.1775121859 170.4922154349 180.8413267868
-8.0775121859 170.6085610523 180.8309893236
-7.9775121859 170.7249037715 180.8206536830
-7.8775121859 170.8412436293 180.8103198421
-7.7775121859 170.9575806624 180.7999877778
-7.6775121859 171.0739149072 180.7896574671
-7.5775121859 171.1902464004 180.7793288869
-7.4775121859 171.3065751786 180.7690020144
-7.3775121859 171.4229012782 180.7586768265
-7.2775121859 171.5392247358 180.7483533002
-7.1775121859 171.6555455878 180.7380314127
-7.0775121859 171.7718638707 180.7277111411
-6.9775121859 171.8881796208 180.7173924624
-6.8775121859 172.0044928746 180.7070753537
-6.7775121859 172.1208036684 180.6967597923
-6.6775121859 172.2371120385 180.6864457551
-6.5775121859 172.3534180214 180.6761332195
-6.4775121859 172.4697216531 180.6658221626
-6.3775121859 172.5860229701 180.6555125615
-6.2775121859 172.7023220085 180.6452043935
-6.1775121859 172.8186188046 180.6348976359
-6.0775121859 172.9349133945 180.6245922658
-5.9775121859 173.0512058145 180.6142882605
-5.8775121859 173.1674961006 180.6039855973
-5.7775121859 173.2837842890 180.5936842534
-5.6775121859 173.4000704157 180.5833842062
-5.5775121859 173.5163545170 180.5730854330
-5.4775121859 173.6326366287 180.5627879111
-5.3775121859 173.7489167871 180.5524916178
-5.2775121859 173.8651950280 180.5421965304
-5.1775121859 173.9814713875 180.5319026264
-5.0775121859 174.0977459015 180.5216098831
-4.9775121859 174.2140186061 180.5113182779
-4.8775121859 174.3302895371 180.5010277882
-4.7775121859 174.4465587305 180.4907383913
-4.6775121859 174.5628262222 180.4804500648
-4.5775121859 174.6790920481 180.4701627859
-4.4775121859 174.7953562440 180.4598765323
-4.3775121859 174.9116188459 180.4495912813
-4.2775121859 175.0278798895 180.4393070104
-4.1775121859 175.1441394106 180.4290236970
-4.0775121859 175.2603974451 180.4187413186
-3.9775121859 175.3766540288 180.4084598528
-3.8775121859 175.4929091974 180.3981792770
-3.7775121859 175.6091629867 180.3878995688
-3.6775121859 175.7254154325 180.3776207056
-3.5775121859 175.8416665704 180.3673426649
-3.4775121859 175.9579164363 180.3570654244
-3.3775121859 176.0741650657 180.3467889615
-3.2775121859 176.1904124945 180.3365132538
-3.1775121859 176.3066587582 180.3262382789
-3.0775121859 176.4229038926 180.3159640143
-2.9775121859 176.5391479333 180.3056904376
-2.8775121859 176.6553909159 180.2954175264
-2.7775121859 176.7716328762 180.2851452582
-2.6775121859 176.8878738497 180.2748736107
-2.5775121859 177.0041138720 180.2646025614
-2.4775121859 177.1203529787 180.2543320880
-2.3775121859 177.2365912055 180.2440621681
-2.2775121859 177.3528285880 180.2337927792
-2.1775121859 177.4690651616 180.2235238991
-2.0775121859 177.5853009620 180.2132555053
-1.9775121859 177.7015360248 180.2029875754
-1.8775121859 177.8177703854 180.1927200872
-1.7775121859 177.9340040795 180.1824530182
-1.6775121859 178.0502371426 180.1721863461
-1.5775121859 178.1664696102 180.1619200485
-1.4775121859 178.2827015179 180.1516541031
-1.3775121859 178.3989329011 180.1413884876
-1.2775121859 178.5151637955 180.1311231796
-1.1775121859 178.6313942364 180.1208581567
-1.0775121859 178.7476242594 180.1105933967
-0.9775121859 178.8638539001 180.1003288772
-0.8775121859 178.9800831938 180.0900645759
-0.7775121859 179.0963121762 180.0798004705
-0.6775121859 179.2125408827 180.0695365386
-0.5775121859 179.3287693488 180.0592727578
-0.4775121859 179.4449976100 180.0490091060
-0.3775121859 179.5612257017 180.0387455608
-0.2775121859 179.6774536595 180.0284820998
-0.1775121859 179.7936815188 180.0182187007
-0.0775121859 179.9099093151 180.0079553412
0.0224878141 179.8839116944 179.9123567793
0.1224878141 179.3676894808 179.5226256898
0.2224878141 178.8514896093 179.1329170131
0.3224878141 178.3353303149 178.7432490420
0.4224878141 177.8192298234 178.3536400603
0.5224878141 177.3032063479 177.9641083387
0.6224878141 176.7872780839 177.5746721308
0.7224878141 176.2714632062 177.1853496688
0.8224878141 175.7557798640 176.7961591600
0.9224878141 175.2402461775 176.4071187823
1.0224878141 174.7248802335 176.0182466804
1.1224878141 174.2097000818 175.6295609618
1.2224878141 173.6947237308 175.2410796929
1.3224878141 173.1799691442 174.8528208951
1.4224878141 172.6654542363 174.4648025405
1.5224878141 172.1511968687 174.0770425487
1.6224878141 171.6372148462 173.6895587823
1.7224878141 171.1235259131 173.3023690435
1.8224878141 170.6101477493 172.9154910700
1.9224878141 170.0970979665 172.5289425316
2.0224878141 169.5843941048 172.1427410260
2.1224878141 169.0720536286 171.7569040757
2.2224878141 168.5600939232 171.3714491238
2.3224878141 168.0485322912 170.9863935310
2.4224878141 167.5373859488 170.6017545713
2.5224878141 167.0266720224 170.2175494292
2.6224878141 166.5164075453 169.8337951958
2.7224878141 166.0066094540 169.4505088658
2.8224878141 165.4972945849 169.0677073335
2.9224878141 164.9884796712 168.6854073901
3.0224878141 164.4801813395 168.3036257202
3.1224878141 163.9724161065 167.9223788988
3.2224878141 163.4652003762 167.5416833876
3.3224878141 162.9585504363 167.1615555327
3.4224878141 162.4524824556 166.7820115609
3.5224878141 161.9470124811 166.4030675774
3.6224878141 161.4421564347 166.0247395621
3.7224878141 160.9379301106 165.6470433675
3.8224878141 160.4343491725 165.2699947156
3.9224878141 159.9314291511 164.8936091951
4.0224878141 159.4291854411 164.5179022590
4.1224878141 158.9276332987 164.1428892218
4.2224878141 158.4267878394 163.7685852573
4.3224878141 157.9266640352 163.3950053958
4.4224878141 157.4272767125 163.0221645220
4.5224878141 156.9286405495 162.6500773726
4.6224878141 156.4307700744 162.2787585340
4.7224878141 155.9336796628 161.9082224403
4.8224878141 155.4373835359 161.5384833711
4.9224878141 154.9418957585 161.1695554497
5.0224878141 154.4472302366 160.8014526408
5.1224878141 153.9534007165 160.4341887489
5.2224878141 153.4604207818 160.0677774164
5.3224878141 152.9683038527 159.7022321219
5.4224878141 152.4770631837 159.3375661786
5.5224878141 151.9867118624 158.9737927328
5.6224878141 151.4972628077 158.6109247621
5.7224878141 151.0087287687 158.2489750743
5.8224878141 150.5211223230 157.8879563057
5.9224878141 150.0344558757 157.5278809202
6.0224878141 149.5487416581 157.1687612079
6.1224878141 149.0639917264 156.8106092840
6.2224878141 148.5802179609 156.4534370875
6.3224878141 148.0974320649 156.0972563807
6.4224878141 147.6156455636 155.7420787478
6.5224878141 147.1348698035 155.3879155943
6.6224878141 146.6551159515 155.0347781462
6.7224878141 146.1763949943 154.6826774492
6.8224878141 145.6987177376 154.3316243681
6.9224878141 145.2220948056 153.9816295863
7.0224878141 144.7465366405 153.6327036052
7.1224878141 144.2720535020 153.2848567438
7.2224878141 143.7986554672 152.9380991383
7.3224878141 143.3263524299 152.5924407421
7.4224878141 142.8551541005 152.2478913248
7.5224878141 142.3850700061 151.9044604729
7.6224878141 141.9161094899 151.5621575892
7.7224878141 141.4482817117 151.2209918929
7.8224878141 140.9815956474 150.8809724194
7.9224878141 140.5160600893 150.5421080209
8.0224878141 140.0516836465 150.2044073657
8.1224878141 139.5884747446 149.8678789395
8.2224878141 139.1264416262 149.5325310444
8.3224878141 138.6655923514 149.1983718003
8.4224878141 138.2059347976 148.8654091446
8.5224878141 137.7474766607 148.5336508329
8.6224878141 137.2902254547 148.2031044394
8.7224878141 136.8341885132 147.8737773575
8.8224878141 136.3793729889 147.5456768000
8.9224878141 135.9257858553 147.2188098004
9.0224878141 135.4734339064 146.8931832131
9.1224878141 135.0223237582 146.5688037142
9.2224878141 134.5724618491 146.2456778022
9.3224878141 134.1238544406 145.9238117991
9.4224878141 133.6765076185 145.6032118511
9.5224878141 133.2304272936 145.2838839292
9.6224878141 132.7856192026 144.9658338309
9.7224878141 132.3420889092 144.6490671803
9.8224878141 131.8998418052 144.3335894298
9.9224878141 131.4588831114 144.0194058609
10.0224878141 131.0192178786 143.7065215851
10.1224878141 130.5808509891 143.3949415456
10.2224878141 130.1437871577 143.0846705179
10.3224878141 129.7080309327 142.7757131112
10.4224878141 129.2735866973 142.4680737699
10.5224878141 128.8404586713 142.1617567746
10.6224878141 128.4086509114 141.8567662433
10.7224878141 127.9781673136 141.5531061330
10.8224878141 127.5490116138 141.2507802409
10.9224878141 127.1211873895 140.9497922059
11.0224878141 126.6946980614 140.6501455099
11.1224878141 126.2695468944 140.3518434793
11.2224878141 125.8457369992 140.0548892864
11.3224878141 125.4232713340 139.7592859509
11.4224878141 125.0021527059 139.4650363415
11.5224878141 124.5823837721 139.1721431772
11.6224878141 124.1639670420 138.8806090290
11.7224878141 123.7469048782 138.5904363217
11.8224878141 123.3311994986 138.3016273349
11.9224878141 122.9168529776 138.0141842049
12.0224878141 122.5038672477 137.7281089265
12.1224878141 122.0922441015 137.4434033544
12.2224878141 121.6819851929 137.1600692046
12.3224878141 121.2730920390 136.8781080566
12.4224878141 120.8655660217 136.5975213547
12.5224878141 120.4594083892 136.3183104095
12.6224878141 120.0546202579 136.0404764000
12.7224878141 119.6512026141 135.7640203750
12.8224878141 119.2491563154 135.4889432549
12.9224878141 118.8484820926 135.2152458333
13.0224878141 118.4491805515 134.9429287788
13.1224878141 118.0512521744 134.6719926365
13.2224878141 117.6546973217 134.4024378301
13.3224878141 117.2595162341 134.1342646631
13.4224878141 116.8657090337 133.8674733211
13.5224878141 116.4732757263 133.6020638729
13.6224878141 116.0822162027 133.3380362727
13.7224878141 115.6925302404 133.0753903616
13.8224878141 115.3042175056 132.8141258693
13.9224878141 114.9172775549 132.5542424157
14.0224878141 114.5317098365 132.2957395132
14.1224878141 114.1475136927 132.0386165675
14.2224878141 113.7646883609 131.7828728801
14.3224878141 113.3832329757 131.5285076494
14.4224878141 113.0031465705 131.2755199730
14.5224878141 112.6244280790 131.0239088487
14.6224878141 112.2470763373 130.7736731769
14.7224878141 111.8710900852 130.5248117616
14.8224878141 111.4964679679 130.2773233127
14.9224878141 111.1232085380 130.0312064470
15.0224878141 110.7513102568 129.7864596906
15.1224878141 110.3807714959 129.5430814800
15.2224878141 110.0115905394 129.3010701638
15.3224878141 109.6437655848 129.0604240045
15.4224878141 109.2772947450 128.8211411802
15.5224878141 108.9121760501 128.5832197859
15.6224878141 108.5484074484 128.3466578353
15.7224878141 108.1859868088 128.1114532624
15.8224878141 107.8249119214 127.8776039229
15.9224878141 107.4651805001 127.6451075962
16.0224878141 107.1067901834 127.4139619863
16.1224878141 106.7497385362 127.1841647240
16.2224878141 106.3940230514 126.9557133680
16.3224878141 106.0396411514 126.7286054064
16.4224878141 105.6865901893 126.5028382587
16.5224878141 105.3348674509 126.2784092767
16.6224878141 104.9844701559 126.0553157463
16.7224878141 104.6353954592 125.8335548889
16.8224878141 104.2876404528 125.6131238629
16.9224878141 103.9412021667 125.3940197649
17.0224878141 103.5960775708 125.1762396316
17.1224878141 103.2522635761 124.9597804406
17.2224878141 102.9097570360 124.7446391124
17.3224878141 102.5685547478 124.5308125114
17.4224878141 102.2286534541 124.3182974472
17.5224878141 101.8900498441 124.1070906764
17.6224878141 101.5527405550 123.8971889035
17.7224878141 101.2167221730 123.6885887822
17.8224878141 100.8819912351 123.4812869173
17.9224878141 100.5485442301 123.2752798651
18.0224878141 100.2163775998 123.0705641354
18.1224878141 99.8854877406 122.8671361925
18.2224878141 99.5558710042 122.6649924565
18.3224878141 99.2275236996 122.4641293042
18.4224878141 98.9004420934 122.2645430708
18.5224878141 98.5746224117 122.0662300510
18.6224878141 98.2500608411 121.8691864997
18.7224878141 97.9267535297 121.6734086339
18.8224878141 97.6046965883 121.4788926332
18.9224878141 97.2838860917 121.2856346415
19.0224878141 96.9643180797 121.0936307675
19.1224878141 96.6459885581 120.9028770865
19.2224878141 96.3288935001 120.7133696408
19.3224878141 96.0130288469 120.5251044414
19.4224878141 95.6983905093 120.3380774685
19.5224878141 95.3849743684 120.1522846730
19.6224878141 95.0727762765 119.9677219772
19.7224878141 94.7617920585 119.7843852760
19.8224878141 94.4520175126 119.6022704377
19.9224878141 94.1434484115 119.4213733055
20.0224878141 93.8360805032 119.2416896975
20.1224878141 93.5299095118 119.0632154088
20.2224878141 93.2249311390 118.8859462115
20.3224878141 92.9211410642 118.7098778561
20.4224878141 92.6185349463 118.5350060723
20.5224878141 92.3171084237 118.3613265698
20.6224878141 92.0168571161 118.1888350394
20.7224878141 91.7177766244 118.0175271537
20.8224878141 91.4198625323 117.8473985679
20.9224878141 91.1231104068 117.6784449206
21.0224878141 90.8275157990 117.5106618350
21.1224878141 90.5330742452 117.3440449191
21.2224878141 90.2397812672 117.1785897672
21.3224878141 89.9476323735 117.0142919598
21.4224878141 89.6566230598 116.8511470654
21.5224878141 89.3667488099 116.6891506402
21.6224878141 89.0780050964 116.5282982296
21.7224878141 88.7903873814 116.3685853688
21.8224878141 88.5038911172 116.2100075830
21.9224878141 88.2185117470 116.0525603888
22.0224878141 87.9342447057 115.8962392943
22.1224878141 87.6510854203 115.7410398002
22.2224878141 87.3690293108 115.5869574001
22.3224878141 87.0880717908 115.4339875816
22.4224878141 86.8082082680 115.2821258264
22.5224878141 86.5294341449 115.1313676112
22.6224878141 86.2517448195 114.9817084084
22.7224878141 85.9751356859 114.8331436865
22.8224878141 85.6996021345 114.6856689107
22.9224878141 85.4251395532 114.5392795437
23.0224878141 85.1517433273 114.3939710459
23.1224878141 84.8794088407 114.2497388762
23.2224878141 84.6081314758 114.1065784926
23.3224878141 84.3379066146 113.9644853525
23.4224878141 84.0687296388 113.8234549133
23.5224878141 83.8005959304 113.6834826329
23.6224878141 83.5335008723 113.5445639703
23.7224878141 83.2674398488 113.4066943860
23.8224878141 83.0024082459 113.2698693424
23.9224878141 82.7384014519 113.1340843044
24.0224878141 82.4754148578 112.9993347396
24.1224878141 82.2134438578 112.8656161192
24.2224878141 81.9524838494 112.7329239180
24.3224878141 81.6925302345 112.6012536150
24.4224878141 81.4335784191 112.4706006937
24.5224878141 81.1756238142 112.3409606428
24.6224878141 80.9186618359 112.2123289562
24.7224878141 80.6626879058 112.0847011337
24.8224878141 80.4076974517 111.9580726810
24.9224878141 80.1536859074 111.8324391107
25.0224878141 79.9006487137 111.7077959419
25.1224878141 79.6485813183 111.5841387011
25.2224878141 79.3974791760 111.4614629222
25.3224878141 79.1473377497 111.3397641473
25.4224878141 78.8981525101 111.2190379263
25.5224878141 78.6499189362 111.0992798179
25.6224878141 78.4026325157 110.9804853895
25.7224878141 78.1562887452 110.8626502177
25.8224878141 77.9108831305 110.7457698884
25.9224878141 77.6664111870 110.6298399974
26.0224878141 77.4228684397 110.5148561502
26.1224878141 77.1802504238 110.4008139627
26.2224878141 76.9385526846 110.2877090614
26.3224878141 76.6977707782 110.1755370833
26.4224878141 76.4579002713 110.0642936765
26.5224878141 76.2189367416 109.9539745006
26.6224878141 75.9808757784 109.8445752262
26.7224878141 75.7437129819 109.7360915359
26.8224878141 75.5074439647 109.6285191242
26.9224878141 75.2720643507 109.5218536977
27.0224878141 75.0375697763 109.4160909753
27.1224878141 74.8039558901 109.3112266884
27.2224878141 74.5712183531 109.2072565813
27.3224878141 74.3393528393 109.1041764109
27.4224878141 74.1083550353 109.0019819476
27.5224878141 73.8782206408 108.9006689747
27.6224878141 73.6489453688 108.8002332893
27.7224878141 73.4205249457 108.7006707017
27.8224878141 73.1929551114 108.6019770364
27.9224878141 72.9662316194 108.5041481315
28.0224878141 72.7403502372 108.4071798393
28.1224878141 72.5153067463 108.3110680264
28.2224878141 72.2910969422 108.2158085735
28.3224878141 72.0677166346 108.1213973760
28.4224878141 71.8451616478 108.0278303438
28.5224878141 71.6234278205 107.9351034017
28.6224878141 71.4025110059 107.8432124892
28.7224878141 71.1824070722 107.7521535608
28.8224878141 70.9631119021 107.6619225861
28.9224878141 70.7446213935 107.5725155499
29.0224878141 70.5269314594 107.4839284522
29.1224878141 70.3100380276 107.3961573084
29.2224878141 70.0939370415 107.3091981496
29.3224878141 69.8786244596 107.2230470222
29.4224878141 69.6640962559 107.1376999883
29.5224878141 69.4503484197 107.0531531257
29.6224878141 69.2373769562 106.9694025282
29.7224878141 69.0251778859 106.8864443053
29.8224878141 68.8137472450 106.8042745823
29.9224878141 68.6030810858 106.7228895009
30.0224878141 68.3931754760 106.6422852186
30.1224878141 68.1840264994 106.5624579091
30.2224878141 67.9756302557 106.4834037622
30.3224878141 67.7679828605 106.4051189841
30.4224878141 67.5610804456 106.3275997971
30.5224878141 67.3549191585 106.2508424400
30.6224878141 67.1494951633 106.1748431678
30.7224878141 66.9448046398 106.0995982521
30.8224878141 66.7408437843 106.0251039808
30.9224878141 66.5376088091 105.9513566584
31.0224878141 66.3350959428 105.8783526057
31.1224878141 66.1333014303 105.8060881603
31.2224878141 65.9322215328 105.7345596761
31.3224878141 65.7318525278 105.6637635239
31.4224878141 65.5321907090 105.5936960908
31.5224878141 65.3332323866 105.5243537806
31.6224878141 65.1349738870 105.4557330139
31.7224878141 64.9374115531 105.3878302278
31.8224878141 64.7405417442 105.3206418759
31.9224878141 64.5443608359 105.2541644289
32.0224878141 64.3488652200 105.1883943737
32.1224878141 64.1540513050 105.1233282142
32.2224878141 63.9599155157 105.0589624707
32.3224878141 63.7664542931 104.9952936805
32.4224878141 63.5736640947 104.9323183973
32.5224878141 63.3815413944 104.8700331916
32.6224878141 63.1900826824 104.8084346504
32.7224878141 62.9992844652 104.7475193775
32.8224878141 62.8091432658 104.6872839932
32.9224878141 62.6196556234 104.6277251347
33.0224878141 62.4308180934 104.5688394554
33.1224878141 62.2426272476 104.5106236256
33.2224878141 62.0550796741 104.4530743321
33.3224878141 61.8681719772 104.3961882781
33.4224878141 61.6819007774 104.3399621835
33.5224878141 61.4962627114 104.2843927847
33.6224878141 61.3112544321 104.2294768346
33.7224878141 61.1268726084 104.1752111023
33.8224878141 60.9431139256 104.1215923737
33.9224878141 60.7599750847 104.0686174509
34.0224878141 60.5774528032 104.0162831524
34.1224878141 60.3955438142 103.9645863131
34.2224878141 60.2142448669 103.9135237841
34.3224878141 60.0335527267 103.8630924328
34.4224878141 59.8534641745 103.8132891429
34.5224878141 59.6739760075 103.7641108144
34.6224878141 59.4950850383 103.7155543632
34.7224878141 59.3167880956 103.6676167216
34.8224878141 59.1390820237 103.6202948378
34.9224878141 58.9619636827 103.5735856761
35.0224878141 58.7854299484 103.5274862170
35.1224878141 58.6094777121 103.4819934566
35.2224878141 58.4341038807 103.4371044072
35.3224878141 58.2593053766 103.3928160969
35.4224878141 58.0850791379 103.3491255696
35.5224878141 57.9114221178 103.3060298852
35.6224878141 57.7383312852 103.2635261189
35.7224878141 57.5658036242 103.2216113621
35.8224878141 57.3938361341 103.1802827216
35.9224878141 57.2224258295 103.1395373196
36.0224878141 57.0515697403 103.0993722943
36.1224878141 56.8812649114 103.0597847991
36.2224878141 56.7115084028 103.0207720028
36.3224878141 56.5422972896 102.9823310898
36.4224878141 56.3736286617 102.9444592598
36.5224878141 56.2054996242 102.9071537276
36.6224878141 56.0379072967 102.8704117235
36.7224878141 55.8708488138 102.8342304928
36.8224878141 55.7043213250 102.7986072960
36.9224878141 55.5383219942 102.7635394087
37.0224878141 55.3728480001 102.7290241215
37.1224878141 55.2078965360 102.6950587398
37.2224878141 55.0434648094 102.6616405843
37.3224878141 54.8795500428 102.6287669901
37.4224878141 54.7161494726 102.5964353075
37.5224878141 54.5532603499 102.5646429011
37.6224878141 54.3908799397 102.5333871506
37.7224878141 54.2290055216 102.5026654500
37.8224878141 54.0676343891 102.4724752081
37.9224878141 53.9067638499 102.4428138481
38.0224878141 53.7463912257 102.4136788076
38.1224878141 53.5865138522 102.3850675386
38.2224878141 53.4271290789 102.3569775075
38.3224878141 53.2682342694 102.3294061948
38.4224878141 53.1098268007 102.3023510955
38.5224878141 52.9519040638 102.2758097184
38.6224878141 52.7944634633 102.2497795866
38.7224878141 52.6375024175 102.2242582371
38.8224878141 52.4810183578 102.1992432210
38.9224878141 52.3250087297 102.1747321032
39.0224878141 52.1694709915 102.1507224624
39.1224878141 52.0144026152 102.1272118912
39.2224878141 51.8598010860 102.1041979959
39.3224878141 51.7056639023 102.0816783962
39.4224878141 51.5519885756 102.0596507257
39.5224878141 51.3987726304 102.0381126315
39.6224878141 51.2460136045 102.0170617739
39.7224878141 51.0937090483 101.9964958269
39.8224878141 50.9418565253 101.9764124778
39.9224878141 50.7904536117 101.9568094270
40.0224878141 50.6394978967 101.9376843882
40.1224878141 50.4889869818 101.9190350883
40.2224878141 50.3389184814 101.9008592673
40.3224878141 50.1892900224 101.8831546783
40.4224878141 50.0400992442 101.8659190871
40.5224878141 49.8913437985 101.8491502726
40.6224878141 49.7430213495 101.8328460266
40.7224878141 49.5951295737 101.8170041536
40.8224878141 49.4476661597 101.8016224707
40.9224878141 49.3006288084 101.7866988079
41.0224878141 49.1540152328 101.7722310076
41.1224878141 49.0078231578 101.7582169249
41.2224878141 48.8620503204 101.7446544271
41.3224878141 48.7166944695 101.7315413942
41.4224878141 48.5717533657 101.7188757184
41.5224878141 48.4272247815 101.7066553042
41.6224878141 48.2831065011 101.6948780683
41.7224878141 48.1393963203 101.6835419396
41.8224878141 47.9960920465 101.6726448591
41.9224878141 47.8531914986 101.6621847798
42.0224878141 47.7106925071 101.6521596667
42.1224878141 47.5685929136 101.6425674968
42.2224878141 47.4268905712 101.6334062588
42.3224878141 47.2855833443 101.6246739532
42.4224878141 47.1446691084 101.6163685924
42.5224878141 47.0041457502 101.6084882003
42.6224878141 46.8640111673 101.6010308125
42.7224878141 46.7242632685 101.5939944761
42.8224878141 46.5848999734 101.5873772497
42.9224878141 46.4459192125 101.5811772034
43.0224878141 46.3073189273 101.5753924186
43.1224878141 46.1690970698 101.5700209881
43.2224878141 46.0312516027 101.5650610157
43.3224878141 45.8937804995 101.5605106166
43.4224878141 45.7566817441 101.5563679172
43.5224878141 45.6199533309 101.5526310549
43.6224878141 45.4835932649 101.5492981779
43.7224878141 45.3475995612 101.5463674458
43.8224878141 45.2119702455 101.5438370286
43.9224878141 45.0767033535 101.5417051075
44.0224878141 44.9417969312 101.5399698743
44.1224878141 44.8072490348 101.5386295317
44.2224878141 44.6730577305 101.5376822928
44.3224878141 44.5392210943 101.5371263816
44.4224878141 44.4057372124 101.5369600324
44.5224878141 44.2726041809 101.5371814902
44.6224878141 44.1398201054 101.5377890103
44.7224878141 44.0073831017 101.5387808584
44.8224878141 43.8752912950 101.5401553106
44.9224878141 43.7435428201 101.5419106532
45.0224878141 43.6121358216 101.5440451827
45.1224878141 43.4810684534 101.5465572058
45.2224878141 43.3503388791 101.5494450394
45.3224878141 43.2199452715 101.5527070102
45.4224878141 43.0898858128 101.5563414551
45.5224878141 42.9601586944 101.5603467209
45.6224878141 42.8307621171 101.5647211643
45.7224878141 42.7016942908 101.5694631516
45.8224878141 42.5729534345 101.5745710593
45.9224878141 42.4445377761 101.5800432732
46.0224878141 42.3164455526 101.5858781890
46.1224878141 42.1886750102 101.5920742120
46.2224878141 42.0612244035 101.5986297571
46.3224878141 41.9340919962 101.6055432485
46.4224878141 41.8072760607 101.6128131202
46.5224878141 41.6807748782 101.6204378152
46.6224878141 41.5545867384 101.6284157862
46.7224878141 41.4287099396 101.6367454951
46.8224878141 41.3031427888 101.6454254129
46.9224878141 41.1778836014 101.6544540200
47.0224878141 41.0529307011 101.6638298058
47.1224878141 40.9282824201 101.6735512690
47.2224878141 40.8039370989 101.6836169171
47.3224878141 40.6798930863 101.6940252668
47.4224878141 40.5561487392 101.7047748437
47.5224878141 40.4327024227 101.7158641821
47.6224878141 40.3095525101 101.7272918255
47.7224878141 40.1866973825 101.7390563260
47.8224878141 40.0641354292 101.7511562443
47.9224878141 39.9418650475 101.7635901503
48.0224878141 39.8198846423 101.7763566219
48.1224878141 39.6981926265 101.7894542463
48.2224878141 39.5767874208 101.8028816186
48.3224878141 39.4556674537 101.8166373429
48.4224878141 39.3348311611 101.8307200315
48.5224878141 39.2142769868 101.8451283054
48.6224878141 39.0940033820 101.8598607936
48.7224878141 38.9740088056 101.8749161337
48.8224878141 38.8542917236 101.8902929714
48.9224878141 38.7348506098 101.9059899609
49.0224878141 38.6156839452 101.9220057644
49.1224878141 38.4967902182 101.9383390522
49.2224878141 38.3781679242 101.9549885027
49.3224878141 38.2598155662 101.9719528027
49.4224878141 38.1417316541 101.9892306465
49.5224878141 38.0239147050 102.0068207367
49.6224878141 37.9063632429 102.0247217838
49.7224878141 37.7890757991 102.0429325061
49.8224878141 37.6720509117 102.0614516297
49.9224878141 37.5552871258 102.0802778885
50.0224878141 37.4387829931 102.0994100244
50.1224878141 37.3225370725 102.1188467867
50.2224878141 37.2065479293 102.1385869324
50.3224878141 37.0908141359 102.1586292264
50.4224878141 36.9753342711 102.1789724408
50.5224878141 36.8601069204 102.1996153556
50.6224878141 36.7451306759 102.2205567581
50.7224878141 36.6304041362 102.2417954430
50.8224878141 36.5159259064 102.2633302127
50.9224878141 36.4016945981 102.2851598766
51.0224878141 36.2877088291 102.3072832518
51.1224878141 36.1739672237 102.3296991624
51.2224878141 36.0604684125 102.3524064401
51.3224878141 35.9472110324 102.3754039234
51.4224878141 35.8341937263 102.3986904584
51.5224878141 35.7214151434 102.4222648980
51.6224878141 35.6088739391 102.4461261025
51.7224878141 35.4965687747 102.4702729390
51.8224878141 35.3844983176 102.4947042818
51.9224878141 35.2726612411 102.5194190121
52.0224878141 35.1610562246 102.5444160182
52.1224878141 35.0496819534 102.5696941952
52.2224878141 34.9385371184 102.5952524450
52.3224878141 34.8276204164 102.6210896766
52.4224878141 34.7169305502 102.6472048055
52.5224878141 34.6064662280 102.6735967542
52.6224878141 34.4962261638 102.7002644518
52.7224878141 34.3862090773 102.7272068342
52.8224878141 34.2764136937 102.7544228439
52.9224878141 34.1668387437 102.7819114301
53.0224878141 34.0574829636 102.8096715484
53.1224878141 33.9483450951 102.8377021613
53.2224878141 33.8394238854 102.8660022376
53.3224878141 33.7307180868 102.8945707525
53.4224878141 33.6222264574 102.9234066878
53.5224878141 33.5139477602 102.9525090318
53.6224878141 33.4058807635 102.9818767791
53.7224878141 33.2980242410 103.0115089306
53.8224878141 33.1903769715 103.0414044935
53.9224878141 33.0829377387 103.0715624816
54.0224878141 32.9757053316 103.1019819145
54.1224878141 32.8686785442 103.1326618183
54.2224878141 32.7618561756 103.1636012254
54.3224878141 32.6552370297 103.1947991741
54.4224878141 32.5488199154 103.2262547090
54.5224878141 32.4426036464 103.2579668808
54.6224878141 32.3365870413 103.2899347461
54.7224878141 32.2307689236 103.3221573678
54.8224878141 32.1251481214 103.3546338147
54.9224878141 32.0197234677 103.3873631614
55.0224878141 31.9144937999 103.4203444887
55.1224878141 31.8094579603 103.4535768833
55.2224878141 31.7046147958 103.4870594377
55.3224878141 31.5999631578 103.5207912502
55.4224878141 31.4955019021 103.5547714251
55.5224878141 31.3912298892 103.5889990724
55.6224878141 31.2871459839 103.6234733080
55.7224878141 31.1832490555 103.6581932533
55.8224878141 31.0795379777 103.6931580356
55.9224878141 30.9760116285 103.7283667879
56.0224878141 30.8726688901 103.7638186489
56.1224878141 30.7695086490 103.7995127628
56.2224878141 30.6665297962 103.8354482794
56.3224878141 30.5637312265 103.8716243543
56.4224878141 30.4611118390 103.9080401485
56.5224878141 30.3586705369 103.9446948285
56.6224878141 30.2564062276 103.9815875663
56.7224878141 30.1543178224 104.0187175395
56.8224878141 30.0524042366 104.0560839312
56.9224878141 29.9506643895 104.0936859296
57.0224878141 29.8490972044 104.1315227286
57.1224878141 29.7477016083 104.1695935275
57.2224878141 29.6464765323 104.2078975308
57.3224878141 29.5454209111 104.2464339483
57.4224878141 29.4445336833 104.2852019952
57.5224878141 29.3438137913 104.3242008920
57.6224878141 29.2432601810 104.3634298644
57.7224878141 29.1428718023 104.4028881434
57.8224878141 29.0426476084 104.4425749652
57.9224878141 28.9425865563 104.4824895710
58.0224878141 28.8426876065 104.5226312074
58.1224878141 28.7429497231 104.5629991260
58.2224878141 28.6433718737 104.6035925836
58.3224878141 28.5439530293 104.6444108422
58.4224878141 28.4446921643 104.6854531685
58.5224878141 28.3455882566 104.7267188347
58.6224878141 28.2466402874 104.7682071176
58.7224878141 28.1478472411 104.8099172995
58.8224878141 28.0492081058 104.8518486672
58.9224878141 27.9507218723 104.8940005128
59.0224878141 27.8523875350 104.9363721332
59.1224878141 27.7542040914 104.9789628303
59.2224878141 27.6561705422 105.0217719108
59.3224878141 27.5582858910 105.0647986864
59.4224878141 27.4605491446 105.1080424736
59.5224878141 27.3629593131 105.1515025937
59.6224878141 27.2655154092 105.1951783730
59.7224878141 27.1682164489 105.2390691424
59.8224878141 27.0710614510 105.2831742377
59.9224878141 26.9740494372 105.3274929995
60.0224878141 26.8771794321 105.3720247731
60.1224878141 26.7804504632 105.4167689086
60.2224878141 26.6838615607 105.4617247606
60.3224878141 26.5874117578 105.5068916886
60.4224878141 26.4911000902 105.5522690568
60.5224878141 26.3949255964 105.5978562339
60.6224878141 26.2988873176 105.6436525934
60.7224878141 26.2029842977 105.6896575133
60.8224878141 26.1072155830 105.7358703764
60.9224878141 26.0115802226 105.7822905698
61.0224878141 25.9160772682 105.8289174855
61.1224878141 25.8207057736 105.8757505197
61.2224878141 25.7254647956 105.9227890736
61.3224878141 25.6303533930 105.9700325525
61.4224878141 25.5353706273 106.0174803665
61.5224878141 25.4405155624 106.0651319301
61.6224878141 25.3457872642 106.1129866621
61.7224878141 25.2511848014 106.1610439861
61.8224878141 25.1567072445 106.2093033301
61.9224878141 25.0623536666 106.2577641262
62.0224878141 24.9681231428 106.3064258113
62.1224878141 24.8740147505 106.3552878266
62.2224878141 24.7800275693 106.4043496176
62.3224878141 24.6861606807 106.4536106343
62.4224878141 24.5924131685 106.5030703310
62.5224878141 24.4987841183 106.5527281665
62.6224878141 24.4052726181 106.6025836037
62.7224878141 24.3118777574 106.6526361100
62.8224878141 24.2185986281 106.7028851571
62.9224878141 24.1254343238 106.7533302210
63.0224878141 24.0323839398 106.8039707819
63.1224878141 23.9394465737 106.8548063245
63.2224878141 23.8466213245 106.9058363376
63.3224878141 23.7539072932 106.9570603143
63.4224878141 23.6613035825 107.0084777519
63.5224878141 23.5688092968 107.0600881520
63.6224878141 23.4764235422 107.1118910205
63.7224878141 23.3841454265 107.1638858673
63.8224878141 23.2919740591 107.2160722068
63.9224878141 23.1999085508 107.2684495573
64.0224878141 23.1079480143 107.3210174414
64.1224878141 23.0160915635 107.3737753860
64.2224878141 22.9243383139 107.4267229220
64.3224878141 22.8326873825 107.4798595846
64.4224878141 22.7411378877 107.5331849130
64.5224878141 22.6496889493 107.5866984505
64.6224878141 22.5583396883 107.6403997449
64.7224878141 22.4670892271 107.6942883477
64.8224878141 22.3759366896 107.7483638147
64.9224878141 22.2848812007 107.8026257058
65.0224878141 22.1939218865 107.8570735850
65.1224878141 22.1030578744 107.9117070203
65.2224878141 22.0122882930 107.9665255840
65.3224878141 21.9216122717 108.0215288523
65.4224878141 21.8310289414 108.0767164054
65.5224878141 21.7405374339 108.1320878278
65.6224878141 21.6501368817 108.1876427080
65.7224878141 21.5598264187 108.2433806383
65.8224878141 21.4696051796 108.2993012153
65.9224878141 21.3794723000 108.3554040397
66.0224878141 21.2894269162 108.4116887160
66.1224878141 21.1994681656 108.4681548529
66.2224878141 21.1095951864 108.5248020630
66.3224878141 21.0198071172 108.5816299631
66.4224878141 20.9301030979 108.6386381738
66.5224878141 20.8404822685 108.6958263199
66.6224878141 20.7509437702 108.7531940300
66.7224878141 20.6614867444 108.8107409371
66.8224878141 20.5721103334 108.8684666777
66.9224878141 20.4828136799 108.9263708927
67.0224878141 20.3935959270 108.9844532267
67.1224878141 20.3044562187 109.0427133285
67.2224878141 20.2153936989 109.1011508508
67.3224878141 20.1264075123 109.1597654503
67.4224878141 20.0374968038 109.2185567878
67.5224878141 19.9486607188 109.2775245278
67.6224878141 19.8598984027 109.3366683392
67.7224878141 19.7712090016 109.3959878944
67.8224878141 19.6825916613 109.4554828702
67.9224878141 19.5940455282 109.5151529472
68.0224878141 19.5055697487 109.5749978100
68.1224878141 19.4171634693 109.6350171471
68.2224878141 19.3288258366 109.6952106511
68.3224878141 19.2405559972 109.7555780186
68.4224878141 19.1523530978 109.8161189501
68.5224878141 19.0642162848 109.8768331501
68.6224878141 18.9761447048 109.9377203271
68.7224878141 18.8881375042 109.9987801936
68.8224878141 18.8001938291 110.0600124660
68.9224878141 18.7123128256 110.1214168649
69.0224878141 18.6244936395 110.1829931147
69.1224878141 18.5367354162 110.2447409439
69.2224878141 18.4490373008 110.3066600848
69.3224878141 18.3613984383 110.3687502741
69.4224878141 18.2738179729 110.4310112522
69.5224878141 18.1862950487 110.4934427635
69.6224878141 18.0988288091 110.5560445565
69.7224878141 18.0114183970 110.6188163839
69.8224878141 17.9240629548 110.6817580021
69.9224878141 17.8367616243 110.7448691717
70.0224878141 17.7495135465 110.8081496573
70.1224878141 17.6623178619 110.8715992276
70.2224878141 17.5751737101 110.9352176554
70.3224878141 17.4880802300 110.9990047173
70.4224878141 17.4010365596 111.0629601942
70.5224878141 17.3140418361 111.1270838711
70.6224878141 17.2270951958 111.1913755368
70.7224878141 17.1401957738 111.2558349845
70.8224878141 17.0533427046 111.3204620112
70.9224878141 16.9665351212 111.3852564184
71.0224878141 16.8797721558 111.4502180113
71.1224878141 16.7930529395 111.5153465994
71.2224878141 16.7063766018 111.5806419964
71.3224878141 16.6197422715 111.6461040200
71.4224878141 16.5331490756 111.7117324921
71.5224878141 16.4465961401 111.7775272389
71.6224878141 16.3600825895 111.8434880906
71.7224878141 16.2736075469 111.9096148815
71.8224878141 16.1871701338 111.9759074505
71.9224878141 16.1007694703 112.0423656402
72.0224878141 16.0144046748 112.1089892979
72.1224878141 15.9280748642 112.1757782747
72.2224878141 15.8417791535 112.2427324263
72.3224878141 15.7555166561 112.3098516124
72.4224878141 15.6692864836 112.3771356972
72.5224878141 15.5830877458 112.4445845491
72.6224878141 15.4969195505 112.5121980407
72.7224878141 15.4107810035 112.5799760491
72.8224878141 15.3246712088 112.6479184557
72.9224878141 15.2385892680 112.7160251462
73.0224878141 15.1525342809 112.7842960107
73.1224878141 15.0665053450 112.8527309437
73.2224878141 14.9805015555 112.9213298441
73.3224878141 14.8945220054 112.9900926152
73.4224878141 14.8085657853 113.0590191648
73.5224878141 14.7226319834 113.1281094052
73.6224878141 14.6367196855 113.1973632531
73.7224878141 14.5508279746 113.2667806298
73.8224878141 14.4649559315 113.3363614611
73.9224878141 14.3791026341 113.4061056772
74.0224878141 14.2932671575 113.4760132131
74.1224878141 14.2074485743 113.5460840083
74.2224878141 14.1216459541 113.6163180070
74.3224878141 14.0358583636 113.6867151578
74.4224878141 13.9500848665 113.7572754143
74.5224878141 13.8643245234 113.8279987345
74.6224878141 13.7785763920 113.8988850814
74.7224878141 13.6928395267 113.9699344224
74.8224878141 13.6071129787 114.0411467301
74.9224878141 13.5213957957 114.1125219815
75.0224878141 13.4356870223 114.1840601587
75.1224878141 13.3499856995 114.2557612484
75.2224878141 13.2642908647 114.3276252425
75.3224878141 13.1786015520 114.3996521376
75.4224878141 13.0929167913 114.4718419353
75.5224878141 13.0072356094 114.5441946422
75.6224878141 12.9215570287 114.6167102698
75.7224878141 12.8358800681 114.6893888349
75.8224878141 12.7502037422 114.7622303590
75.9224878141 12.6645270619 114.8352348690
76.0224878141 12.5788490336 114.9084023969
76.1224878141 12.4931686598 114.9817329799
76.2224878141 12.4074849384 115.0552266602
76.3224878141 12.3217968631 115.1288834855
76.4224878141 12.2361034232 115.2027035087
76.5224878141 12.1504036032 115.2766867880
76.6224878141 12.0646963832 115.3508333871
76.7224878141 11.9789807385 115.4251433749
76.8224878141 11.8932556394 115.4996168259
76.9224878141 11.8075200515 115.5742538200
77.0224878141 11.7217729353 115.6490544429
77.1224878141 11.6360132463 115.7240187855
77.2224878141 11.5502399347 115.7991469445
77.3224878141 11.4644519455 115.8744390224
77.4224878141 11.3786482182 115.9498951272
77.5224878141 11.2928276870 116.0255153728
77.6224878141 11.2069892804 116.1012998789
77.7224878141 11.1211319211 116.1772487710
77.8224878141 11.0352545262 116.2533621805
77.9224878141 10.9493560068 116.3296402450
78.0224878141 10.8634352681 116.4060831077
78.1224878141 10.7774912091 116.4826909183
78.2224878141 10.6915227226 116.5594638324
78.3224878141 10.6055286950 116.6364020118
78.4224878141 10.5195080065 116.7135056246
78.5224878141 10.4334595304 116.7907748451
78.6224878141 10.3473821336 116.8682098542
78.7224878141 10.2612746760 116.9458108388
78.8224878141 10.1751360106 117.0235779928
78.9224878141 10.0889649837 117.1015115162
79.0224878141 10.0027604339 117.1796116159
79.1224878141 9.9165211928 117.2578785053
79.2224878141 9.8302460847 117.3363124047
79.3224878141 9.7439339261 117.4149135410
79.4224878141 9.6575835258 117.4936821482
79.5224878141 9.5711936850 117.5726184672
79.6224878141 9.4847631967 117.6517227459
79.7224878141 9.3982908460 117.7309952392
79.8224878141 9.3117754097 117.8104362093
79.9224878141 9.2252156560 117.8900459257
80.0224878141 9.1386103449 117.9698246652
80.1224878141 9.0519582275 118.0497727119
80.2224878141 8.9652580460 118.1298903575
80.3224878141 8.8785085337 118.2101779014
80.4224878141 8.7917084149 118.2906356504
80.5224878141 8.7048564042 118.3712639192
80.6224878141 8.6179512071 118.4520630305
80.7224878141 8.5309915192 118.5330333147
80.8224878141 8.4439760264 118.6141751103
80.9224878141 8.3569034045 118.6954887640
81.0224878141 8.2697723192 118.7769746307
81.1224878141 8.1825814259 118.8586330735
81.2224878141 8.0953293693 118.9404644642
81.3224878141 8.0080147836 119.0224691829
81.4224878141 7.9206362919 119.1046476183
81.5224878141 7.8331925062 119.1870001681
81.6224878141 7.7456820274 119.2695272386
81.7224878141 7.6581034446 119.3522292452
81.8224878141 7.5704553354 119.4351066124
81.9224878141 7.4827362654 119.5181597738
82.0224878141 7.3949447881 119.6013891725
82.1224878141 7.3070794447 119.6847952608
82.2224878141 7.2191387636 119.7683785007
82.3224878141 7.1311212607 119.8521393640
82.4224878141 7.0430254387 119.9360783321
82.5224878141 6.9548497870 120.0201958966
82.6224878141 6.8665927817 120.1044925590
82.7224878141 6.7782528848 120.1889688313
82.8224878141 6.6898285448 120.2736252355
82.9224878141 6.6013181955 120.3584623045
83.0224878141 6.5127202563 120.4434805816
83.1224878141 6.4240331321 120.5286806212
83.2224878141 6.3352552123 120.6140629884
83.3224878141 6.2463848713 120.6996282597
83.4224878141 6.1574204678 120.7853770227
83.5224878141 6.0683603447 120.8713098766
83.6224878141 5.9792028284 120.9574274323
83.7224878141 5.8899462292 121.0437303123
83.8224878141 5.8005888404 121.1302191513
83.9224878141 5.7111289382 121.2168945962
84.0224878141 5.6215647814 121.3037573061
84.1224878141 5.5318946110 121.3908079528
84.2224878141 5.4421166500 121.4780472207
84.3224878141 5.3522291029 121.5654758073
84.4224878141 5.2622301555 121.6530944233
84.5224878141 5.1721179742 121.7409037925
84.6224878141 5.0818907062 121.8289046526
84.7224878141 4.9915464788 121.9170977549
84.8224878141 4.9010833989 122.0054838647
84.9224878141 4.8104995527 122.0940637618
85.0224878141 4.7197930055 122.1828382402
85.1224878141 4.6289618012 122.2718081087
85.2224878141 4.5380039617 122.3609741913
85.3224878141 4.4469174865 122.4503373269
85.4224878141 4.3557003526 122.5398983700
85.5224878141 4.2643505137 122.6296581910
85.6224878141 4.1728658999 122.7196176761
85.7224878141 4.0812444170 122.8097777280
85.8224878141 3.9894839465 122.9001392659
85.9224878141 3.8975823445 122.9907032257
86.0224878141 3.8055374418 123.0814705607
86.1224878141 3.7133470429 123.1724422417
86.2224878141 3.6210089258 123.2636192571
86.3224878141 3.5285208412 123.3550026136
86.4224878141 3.4358805121 123.4465933363
86.5224878141 3.3430856333 123.5383924689
86.6224878141 3.2501338706 123.6304010745
86.7224878141 3.1570228604 123.7226202356
86.8224878141 3.0637502088 123.8150510545
86.9224878141 2.9703134915 123.9076946538
87.0224878141 2.8767102527 124.0005521766
87.1224878141 2.7829380043 124.0936247872
87.2224878141 2.6889942260 124.1869136711
87.3224878141 2.5948763637 124.2804200358
87.4224878141 2.5005818294 124.3741451109
87.5224878141 2.4061080000 124.4680901490
87.6224878141 2.3114522170 124.5622564254
87.7224878141 2.2166117856 124.6566452394
87.8224878141 2.1215839736 124.7512579142
87.9224878141 2.0263660110 124.8460957977
88.0224878141 1.9309550887 124.9411602627
88.1224878141 1.8353483584 125.0364527077
88.2224878141 1.7395429307 125.1319745573
88.3224878141 1.6435358750 125.2277272629
88.4224878141 1.5473242183 125.3237123029
88.5224878141 1.4509049442 125.4199311837
88.6224878141 1.3542749919 125.5163854400
88.7224878141 1.2574312552 125.6130766355
88.8224878141 1.1603705816 125.7100063637
88.9224878141 1.0630897709 125.8071762482
89.0224878141 0.9655855746 125.9045879436
89.1224878141 0.8678546942 126.0022431362
89.2224878141 0.7698937804 126.1001435446
89.3224878141 0.6716994317 126.1982909205
89.4224878141 0.5732681935 126.2966870494
89.5224878141 0.4745965561 126.3953337514
89.6224878141 0.3756809543 126.4942328818
89.7224878141 0.2765177653 126.5933863325
89.8224878141 0.1771033078 126.6927960321
89.9224878141 0.0774338401 126.7924639473
90.0224878141 -0.0224944411 126.8923920834
90.1224878141 -0.1226854020 126.9925824858
90.2224878141 -0.2231429739 127.0930372402
90.3224878141 -0.3238711544 127.1937584743
90.4224878141 -0.4248740092 127.2947483582
90.5224878141 -0.5261556736 127.3960091061
90.6224878141 -0.6277203549 127.4975429767
90.7224878141 -0.7295723336 127.5993522748
90.8224878141 -0.8317159656 127.7014393524
90.9224878141 -0.9341556844 127.8038066096
91.0224878141 -1.0368960027 127.9064564962
91.1224878141 -1.1399415147 128.0093915128
91.2224878141 -1.2432968985 128.1126142119
91.3224878141 -1.3469669180 128.2161271999
91.4224878141 -1.4509564256 128.3199331377
91.5224878141 -1.5552703642 128.4240347430
91.6224878141 -1.6599137701 128.5284347910
91.7224878141 -1.7648917755 128.6331361166
91.8224878141 -1.8702096108 128.7381416157
91.9224878141 -1.9758726080 128.8434542469
92.0224878141 -2.0818862031 128.9490770333
92.1224878141 -2.1882559393 129.0550130645
92.2224878141 -2.2949874702 129.1612654980
92.3224878141 -2.4020865626 129.2678375615
92.4224878141 -2.5095591002 129.3747325549
92.5224878141 -2.6174110870 129.4819538523
92.6224878141 -2.7256486507 129.5895049041
92.7224878141 -2.8342780467 129.6973892393
92.8224878141 -2.9433056615 129.8056104680
92.9224878141 -3.0527380174 129.9141722835
93.0224878141 -3.1625817761 130.0230784651
93.1224878141 -3.2728437432 130.1323328808
93.2224878141 -3.3835308727 130.2419394896
93.3224878141 -3.4946502719 130.3519023446
93.4224878141 -3.6062092059 130.4622255962
93.5224878141 -3.7182151030 130.5729134946
93.6224878141 -3.8306755599 130.6839703935
93.7224878141 -3.9435983471 130.7954007533
93.8224878141 -4.0569914147 130.9072091443
93.9224878141 -4.1708628985 131.0194002507
94.0224878141 -4.2852211261 131.1319788743
94.1224878141 -4.4000746235 131.2449499380
94.2224878141 -4.5154321219 131.3583184906
94.3224878141 -4.6313025647 131.4720897107
94.4224878141 -4.7476951151 131.5862689111
94.5224878141 -4.8646191635 131.7008615438
94.6224878141 -4.9820843360 131.8158732045
94.7224878141 -5.1001005028 131.9313096382
94.8224878141 -5.2186777868 132.0471767442
94.9224878141 -5.3378265731 132.1634805817
95.0224878141 -5.4575575188 132.2802273760
95.1224878141 -5.5778815629 132.3974235243
95.2224878141 -5.6988099374 132.5150756024
95.3224878141 -5.8203541779 132.6331903714
95.4224878141 -5.9425261361 132.7517747847
95.5224878141 -6.0653379915 132.8708359958
95.6224878141 -6.1888022648 132.9903813655
95.7224878141 -6.3129318313 133.1104184709
95.8224878141 -6.4377399355 133.2309551136
95.9224878141 -6.5632402056 133.3519993288
96.0224878141 -6.6894466703 133.4735593951
96.1224878141 -6.8163737747 133.5956438448
96.2224878141 -6.9440363985 133.7182614739
96.3224878141 -7.0724498741 133.8414213540
96.4224878141 -7.2016300070 133.9651328438
96.5224878141 -7.3315930958 134.0894056019
96.6224878141 -7.4623559546 134.2142496000
96.7224878141 -7.5939359360 134.3396751364
96.8224878141 -7.7263509558 134.4656928518
96.9224878141 -7.8596195188 134.5923137442
97.0224878141 -7.9937607465 134.7195491858
97.1224878141 -8.1287944066 134.8474109408
97.2224878141 -8.2647409436 134.9759111841
97.3224878141 -8.4016215119 135.1050625208
97.4224878141 -8.5394580111 135.2348780082
97.5224878141 -8.6782731232 135.3653711776
97.6224878141 -8.8180903522 135.4965560585
97.7224878141 -8.9589340668 135.6284472044
97.8224878141 -9.1008295452 135.7610597200
97.9224878141 -9.2438030240 135.8944092900
98.0224878141 -9.3878817492 136.0285122110
98.1224878141 -9.5330940319 136.1633854240
98.2224878141 -9.6794693073 136.2990465508
98.3224878141 -9.8270381984 136.4355139319
98.4224878141 -9.9758325840 136.5728066680
98.5224878141 -10.1258856719 136.7109446637
98.6224878141 -10.2772320779 136.8499486757
98.7224878141 -10.4299079109 136.9898403633
98.8224878141 -10.5839508641 137.1306423444
98.9224878141 -10.7394003145 137.2723782547
99.0224878141 -10.8962974294 137.4150728125
99.1224878141 -11.0546852828 137.5587518884
99.2224878141 -11.2146089811 137.7034425813
99.3224878141 -11.3761157995 137.8491733010
99.4224878141 -11.5392553309 137.9959738571
99.5224878141 -11.7040796474 138.1438755575
99.6224878141 -11.8706434778 138.2929113142
99.7224878141 -12.0390044003 138.4431157602
99.8224878141 -12.2092230544 138.5945253772
99.9224878141 -12.3813633732 138.7471786350
100.0224878141 -12.5554928390 138.9011161464
100.1224878141 -12.7316827648 139.0563808357
100.2224878141 -12.9100086047 139.2130181270
100.3224878141 -13.0905502985 139.3710761504
100.4224878141 -13.2733926527 139.5306059728
100.5224878141 -13.4586257650 139.6916618524
100.6224878141 -13.6463454968 139.8543015244
100.7224878141 -13.8366540022 140.0185865187
100.8224878141 -14.0296603201 140.1845825166
100.9224878141 -14.2254810407 140.3523597523
101.0224878141 -14.4242410559 140.5219934648
101.1224878141 -14.6260744099 140.6935644096
101.2224878141 -14.8311252641 140.8671594395
101.3224878141 -15.0395489962 141.0428721665
101.4224878141 -15.2515134591 141.2208037191
101.5224878141 -15.4672004260 141.4010636121
101.6224878141 -15.6868072579 141.5837707499
101.7224878141 -15.9105488377 141.7690545903
101.8224878141 -16.1386598230 141.9570564996
101.9224878141 -16.3713972854 142.1479313405
102.0224878141 -16.6090438203 142.3418493427
102.1224878141 -16.8519112337 142.5389983201
102.2224878141 -17.1003449433 142.7395863178
102.3224878141 -17.3547292687 142.9438447935
102.4224878141 -17.6154938428 143.1520324724
102.5224878141 -17.8831214478 143.3644400584
102.6224878141 -18.1581576828 143.5813960463
102.7224878141 -18.4412230153 143.8032739661
102.8224878141 -18.7330279768 144.0305015171
102.9224878141 -19.0343925667 144.2635722291
103.0224878141 -19.3462713814 144.5030605647
103.1224878141 -19.6697866822 144.7496417898
103.2224878141 -20.0062726951 145.0041185907
103.3224878141 -20.3573361933 145.2674574721
103.4224878141 -20.7249413303 145.5408397188
103.5224878141 -21.1115317580 145.8257347499
103.6224878141 -21.5202122555 146.1240092084
103.7224878141 -21.9550296752 146.4380956879
103.8224878141 -22.4214289295 146.7712665548
103.9224878141 -22.9270391765 147.1281060123
104.0224878141 -23.4831399907 147.5153903733
104.1224878141 -24.1077033042 147.9439142258
104.2224878141 -24.8327622669 148.4329137226
104.3224878141 -25.7273858837 149.0238560350
104.4224878141 -27.0201020767 149.8539090759
